	res_adaptive	time_adaptive	w
0	(1.4067359483442654+4.493837959393224j)	0.10351800918579102	0.001
1	(2.30631715754073-1.024125450151115j)	0.09157681465148926	0.09633
2	(2.919056004413082-1.4060993719587285j)	0.1082150936126709	0.19166
3	(3.389778088486939-1.6462889903518851j)	0.10465383529663086	0.28698
4	(3.79403614675342-1.7978935050090066j)	0.0933840274810791	0.38231
5	(4.20507698890442-1.878932827284857j)	0.10344290733337402	0.47764
6	(4.589641423688056-1.8950957033469453j)	0.09467124938964844	0.57297
7	(4.978124782719846-1.8558261768516449j)	0.11283612251281738	0.6683
8	(5.317286963810556-1.7596735313476841j)	0.09327912330627441	0.76362
9	(5.645702633109125-1.619682576529393j)	0.10392427444458008	0.85895
10	(5.9456201749180835-1.4323098055881553j)	0.12046504020690918	0.95428
11	(6.213938944086272-1.2066696700154216j)	0.11875319480895996	1.04961
12	(6.384130124506668-0.9468481354236411j)	0.21338295936584473	1.14494
13	(6.636604198463804-0.6500499717500199j)	0.22280192375183105	1.24026
14	(6.785191990092862-0.3265051491454488j)	0.1328287124633789	1.33559
15	(6.889512318145634+0.009556756537374422j)	0.11209607124328613	1.43092
16	(6.942793965220214+0.3619178389969466j)	0.10923504829406738	1.52625
17	(6.950526173306478+0.7216483757603536j)	0.0953216552734375	1.62157
18	(6.906134454834523+1.0822481350046966j)	0.10839724540710449	1.7169
19	(6.821662302202025+1.4378106695841584j)	0.17767906188964844	1.81223
20	(6.673250593779634+1.7826072101652186j)	0.1867380142211914	1.90756
21	(6.496653648324505+2.1057245255541357j)	0.1031649112701416	2.00289
22	(6.256831409409233+2.4102384826754175j)	0.12855219841003418	2.09821
23	(5.988518612623682+2.6858680778253716j)	0.14043307304382324	2.19354
24	(5.678369577772981+2.9197050251097534j)	0.16977882385253906	2.28887
25	(5.3465991985756345+3.1124118753680388j)	0.20623421669006348	2.3842
26	(4.976485794762243+3.2722010815228306j)	0.11804008483886719	2.47953
27	(4.588375112733539+3.3799920738323754j)	0.12761497497558594	2.57485
28	(4.202385749968132+3.435281822473748j)	0.12553095817565918	2.67018
29	(3.7773644133795825+3.445117927617548j)	0.1089789867401123	2.76551
30	(3.3578937950689776+3.3963606506194597j)	0.12347793579101562	2.86084
31	(2.9617073480153917+3.30274888306543j)	0.1603703498840332	2.95617
32	(2.568507595646371+3.1530607571055445j)	0.10863590240478516	3.05149
33	(2.1934984603862735+2.953432408751322j)	0.08286190032958984	3.14682
34	(1.8439415864835689+2.7058147211023105j)	0.0861959457397461	3.24215
35	(1.5292352995629526+2.4147294011414298j)	0.10281682014465332	3.33748
36	(1.2435648663101564+2.0825654983753092j)	0.08414983749389648	3.43281
37	(1.0050771880375644+1.7179552371455769j)	0.10335803031921387	3.52813
38	(0.8106301488248736+1.3182077168153437j)	0.08508801460266113	3.62346
39	(0.687171363770551+0.9000886093680311j)	0.10731172561645508	3.71879
40	(0.5831796039533561+0.4613276447228268j)	0.12067365646362305	3.81412
41	(0.5441851756802516+0.008553764842665429j)	0.08678078651428223	3.90945
42	(0.5664925313046837-0.44598733673673346j)	0.09598898887634277	4.00477
43	(0.645210071839633-0.894199362952351j)	0.13105487823486328	4.1001
44	(0.7820428008724317-1.3321334168298025j)	0.08460807800292969	4.19543
45	(0.9734448897032404-1.7518967100056775j)	0.08857393264770508	4.29076
46	(1.2162895023912776-2.147634724679512j)	0.11754083633422852	4.38608
47	(1.5105641729635004-2.5115679051214554j)	0.18062901496887207	4.48141
48	(1.8490947515255327-2.8345623991463484j)	0.11046195030212402	4.57674
49	(2.2320537358932016-3.1158498159990953j)	0.08618807792663574	4.67207
50	(2.637659690412158-3.3494891260169135j)	0.09052801132202148	4.7674
51	(3.074346550609512-3.529843971574107j)	0.09638500213623047	4.86272
52	(3.5412227896899298-3.652455240185953j)	0.09095597267150879	4.95805
53	(4.016417860885282-3.719649929437227j)	0.0927879810333252	5.05338
54	(4.50005664640012-3.7205267777026103j)	0.11194801330566406	5.14871
55	(4.981059909639804-3.663162864724337j)	0.09651994705200195	5.24404
56	(5.45398243852294-3.5461289729316254j)	0.08523988723754883	5.33936
57	(5.909458457501804-3.3679133940059423j)	0.10858392715454102	5.43469
58	(6.340006090143498-3.1320879906372543j)	0.0952460765838623	5.53002
59	(6.74064003466786-2.8430490099774888j)	0.08679699897766113	5.62535
60	(7.104030345112855-2.506604348863069j)	0.0858759880065918	5.72068
61	(7.4151512524574965-2.1215272605332283j)	0.10534000396728516	5.816
62	(7.6859640625237935-1.6986882966144554j)	0.0835561752319336	5.91133
63	(7.899042863420216-1.2436270731888623j)	0.08385777473449707	6.00666
64	(8.053082591622388-0.7640496304947675j)	0.10010123252868652	6.10199
65	(8.145696086049565-0.26973374450029697j)	0.08604693412780762	6.19732
66	(8.17461003328834+0.24161058193341223j)	0.11178207397460938	6.29264
67	(8.137176947119475+0.7516921307283861j)	0.09989809989929199	6.38797
68	(8.037028033245592+1.2530126279117442j)	0.08509111404418945	6.4833
69	(7.872563349069591+1.7421333203157627j)	0.10021400451660156	6.57863
70	(7.646960470518027+2.2058266061630083j)	0.0863790512084961	6.67396
71	(7.361814917047459+2.6397677628471974j)	0.08376502990722656	6.76928
72	(7.0256542275604605+3.0364260889618646j)	0.0918111801147461	6.86461
73	(6.638985054448642+3.3885265308525874j)	0.09212422370910645	6.95994
74	(6.208930424464764+3.6898155503245436j)	0.08704185485839844	7.05527
75	(5.741378468241181+3.934876639383445j)	0.08327293395996094	7.15059
76	(5.247459277630776+4.1202621036425455j)	0.11020302772521973	7.24592
77	(4.728070931761567+4.2408368041713125j)	0.08488702774047852	7.34125
78	(4.197198035032104+4.295665193241526j)	0.0835120677947998	7.43658
79	(3.662930425092391+4.282666696028865j)	0.10106801986694336	7.53191
80	(3.129677693153602+4.208329670829622j)	0.08793020248413086	7.62723
81	(2.893662687273064+4.168182511882583j)	0.10689997673034668	7.72256
82	(2.115364855877772+3.8428051543457733j)	0.08490705490112305	7.81789
83	(1.645852872430102+3.568319677666171j)	0.08336305618286133	7.91322
84	(1.2161055682593944+3.234952412964537j)	0.09958291053771973	8.00855
85	(0.8295974365990121+2.849138680169724j)	0.10009193420410156	8.10387
86	(0.4938454352256635+2.4148621702104722j)	0.12557387351989746	8.1992
87	(0.2150805913306183+1.9427237453357238j)	0.1858510971069336	8.29453
88	(-0.0012978957759664511+1.4354242041264493j)	0.09911203384399414	8.38986
89	(-0.15668815592540888+0.9024904058949884j)	0.10311484336853027	8.48519
90	(-0.24129230004547692+0.35314553468915144j)	0.11973404884338379	8.58051
91	(-0.25583941924468756-0.20331574898249183j)	0.22926878929138184	8.67584
92	(-0.19972179835178122-0.7585160075849255j)	0.23500895500183105	8.77117
93	(-0.07284562971628555-1.3046145182075892j)	0.2230379581451416	8.8665
94	(0.12155265445424601-1.8300292400372118j)	0.1265397071838379	8.96183
95	(0.3851332090537196-2.329245023457959j)	0.09148597717285156	9.05715
96	(0.7059098210881362-2.7941886944403547j)	0.11522316932678223	9.15248
97	(1.0716208045034157-3.220172750526563j)	0.08738493919372559	9.24781
98	(1.5163766211786658-3.5835340688199406j)	0.1140890121459961	9.34314
99	(1.9913567307877151-3.8964399679840533j)	0.12934184074401855	9.43847
100	(2.504548417158231-4.147136142166941j)	0.15643906593322754	9.53379
101	(3.0460133598041796-4.3312087908595425j)	0.20878005027770996	9.62912
102	(3.606938647762459-4.444306257044158j)	0.09096980094909668	9.72445
103	(4.180652308206511-4.488120630235308j)	0.08825302124023438	9.81978
104	(4.756620405332816-4.4591900452016136j)	0.12809085845947266	9.9151
105	(5.323715359536428-4.353910979430135j)	0.10532307624816895	10.01043
106	(5.875853198203393-4.179584100430362j)	0.09253096580505371	10.10576
107	(6.401112883114964-3.9351497504832995j)	0.08171677589416504	10.20109
108	(6.8928303115522915-3.6256959191916875j)	0.10293292999267578	10.29642
109	(7.342147939436935-3.2560726710860206j)	0.08473491668701172	10.39174
110	(7.742297999868019-2.831247322610048j)	0.12619709968566895	10.48707
111	(8.086481347434738-2.3576126807812385j)	0.1399369239807129	10.5824
112	(8.36755549545278-1.8436901800064849j)	0.11331295967102051	10.67773
113	(8.582929981991477-1.2967559201494292j)	0.09771013259887695	10.77306
114	(8.726078338612759-0.7261335352182137j)	0.09588289260864258	10.86838
115	(8.79626416487346-0.14040097334797652j)	0.1401047706604004	10.96371
116	(8.791699503688575+0.4502172692870201j)	0.10176730155944824	11.05904
117	(8.711724607859134+1.0378958193965908j)	0.13228106498718262	11.15437
118	(8.557940013259469+1.610833269123702j)	0.12149500846862793	11.2497
119	(8.333552324897518+2.1587138127135166j)	0.17022490501403809	11.34502
120	(8.049699445020988+2.6893885640671518j)	0.10384607315063477	11.44035
121	(7.6858893260804475+3.1576643021112525j)	0.09073615074157715	11.53568
122	(7.265146553984174+3.5841254105700235j)	0.10050773620605469	11.63101
123	(6.796136365038932+3.9567423348005684j)	0.10451626777648926	11.72634
124	(6.287486153673+4.2712926572416725j)	0.09448385238647461	11.82166
125	(5.734049390949481+4.512845031727544j)	0.11232709884643555	11.91699
126	(5.159107676834022+4.682862425097776j)	0.11706209182739258	12.01232
127	(4.562706139295294+4.7840279687599745j)	0.09662699699401855	12.10765
128	(3.958816266094211+4.806454538967918j)	0.11391019821166992	12.20298
129	(3.353583201895832+4.753766633853417j)	0.11600875854492188	12.2983
130	(2.765098559859847+4.62164468993041j)	0.11241292953491211	12.39363
131	(2.1910973626917+4.415231909581744j)	0.0848398208618164	12.48896
132	(1.6514943649509972+4.140395149624382j)	0.1262519359588623	12.58429
133	(1.1486239993142748+3.7975133374292125j)	0.10622096061706543	12.67961
134	(0.6926197217575598+3.392957653539831j)	0.09245991706848145	12.77494
135	(0.29075052957769065+2.9332145900194284j)	0.1314077377319336	12.87027
136	(-0.0509746865561993+2.4248453426447805j)	0.09348297119140625	12.9656
137	(-0.32423692119573366+1.877464976049892j)	0.09452390670776367	13.06093
138	(-0.5272128340384229+1.2989453376205182j)	0.14319801330566406	13.15625
139	(-0.6549309505151873+0.6980746890351932j)	0.10846376419067383	13.25158
140	(-0.7049871836552084+0.08495859795088401j)	0.09534573554992676	13.34691
141	(-0.678321589972923-0.52959116670041j)	0.11474990844726562	13.44224
142	(-0.5707263229187446-1.1341197799316598j)	0.08742189407348633	13.53757
143	(-0.3917720102586345-1.726774492893158j)	0.09208011627197266	13.63289
144	(-0.1382585948522792-2.290653233745846j)	0.0958259105682373	13.72822
145	(0.18855485098621583-2.8155846270748306j)	0.10032796859741211	13.82355
146	(0.5776567095425993-3.297100847193481j)	0.13840675354003906	13.91888
147	(1.0251720159653102-3.7257328870515805j)	0.13796520233154297	14.01421
148	(1.5239007260233084-4.094660397447377j)	0.1125638484954834	14.10953
149	(2.065069385824554-4.398384683460231j)	0.13967585563659668	14.20486
150	(2.639662684070826-4.625240889205456j)	0.24512004852294922	14.30019
151	(3.244830335276049-4.786536206485329j)	0.12778496742248535	14.39552
152	(3.8612865886160126-4.863312727489058j)	0.13512611389160156	14.49085
153	(4.48562279344171-4.866833127108661j)	0.26955080032348633	14.58617
154	(5.13404480658326-4.7664051557047955j)	0.17708492279052734	14.6815
155	(5.709017862975102-4.63155122392861j)	0.15147900581359863	14.77683
156	(6.284873028755459-4.402787466414169j)	0.15604805946350098	14.87216
157	(6.83537724607609-4.095634065494484j)	0.2408130168914795	14.96749
158	(7.338290140270022-3.7245066506605475j)	0.11524105072021484	15.06281
159	(7.793258895756975-3.291482769408699j)	0.19569706916809082	15.15814
160	(8.187794973403903-2.8041190646959384j)	0.3975949287414551	15.25347
161	(8.517470900452503-2.272437472071425j)	0.09951901435852051	15.3488
162	(8.813255176071742-1.6931495279833921j)	0.09980511665344238	15.44412
163	(8.964725125477845-1.103639232992359j)	0.10207891464233398	15.53945
164	(9.070231619651949-0.48172124608348277j)	0.12828683853149414	15.63478
165	(9.09874559680369+0.1463681684461271j)	0.22204303741455078	15.73011
166	(9.046262071034976+0.7727498450120871j)	0.1412060260772705	15.82544
167	(8.916725367373992+1.3890262288929613j)	0.0992119312286377	15.92076
168	(8.708861055743572+1.9831494692195677j)	0.1327509880065918	16.01609
169	(8.427709647174996+2.5472332330704828j)	0.1699230670928955	16.11142
170	(8.076525555029573+3.0710313464629415j)	0.13819289207458496	16.20675
171	(7.661556434957408+3.5456140882004403j)	0.10956120491027832	16.30208
172	(7.190285699792966+3.964110639394054j)	0.1336991786956787	16.3974
173	(6.667748889117961+4.32069576296565j)	0.14079022407531738	16.49273
174	(6.106578579673092+4.605859897321649j)	0.14131617546081543	16.58806
175	(5.511395116232166+4.819563330047623j)	0.08588075637817383	16.68339
176	(4.893661847792314+4.956695794073117j)	0.09687590599060059	16.77872
177	(4.264408494317855+5.013215136554294j)	0.10551619529724121	16.87404
178	(3.6317840245501674+4.989879600135566j)	0.10430002212524414	16.96937
179	(3.1148990027824355+4.99021990357658j)	0.10248708724975586	17.0647
180	(2.401738364141549+4.704776951443656j)	0.10165190696716309	17.16003
181	(1.8229428072102942+4.447034680154751j)	0.12012219429016113	17.25536
182	(1.2838933556741505+4.1185404097428995j)	0.11553406715393066	17.35068
183	(0.7862561102775771+3.7241007104991346j)	0.11682295799255371	17.44601
184	(0.3457133207040035+3.2689866678140187j)	0.11626219749450684	17.54134
185	(-0.034628509787208106+2.763070066449462j)	0.10137009620666504	17.63667
186	(-0.34819000322325633+2.2124381923641447j)	0.11933374404907227	17.732
187	(-0.5883090175583833+1.6262300793288988j)	0.10875988006591797	17.82732
188	(-0.7571834411415146+1.0161845729410894j)	0.11960482597351074	17.92265
189	(-0.8388006400572535+0.3853424436595715j)	0.10167384147644043	18.01798
190	(-0.8440655592345591-0.2482967967349501j)	0.12404489517211914	18.11331
191	(-0.768671920289367-0.8767697285613676j)	0.09667515754699707	18.20863
192	(-0.6142246438433423-1.491027491347248j)	0.12525677680969238	18.30396
193	(-0.37732200014815975-2.0748028720034153j)	0.09662985801696777	18.39929
194	(-0.0793904340001581-2.637002302878795j)	0.08277392387390137	18.49462
195	(0.2919446499575733-3.150089654785642j)	0.10840702056884766	18.58995
196	(0.7258874184296693-3.611411957552045j)	0.08710193634033203	18.68527
197	(1.214101900307456-4.013975603676171j)	0.12160634994506836	18.7806
198	(1.7481461900205968-4.350295258395179j)	0.0984961986541748	18.87593
199	(2.322305007470532-4.620785551802427j)	0.10293197631835938	18.97126
200	(2.9271033731398504-4.810829368358412j)	0.11994719505310059	19.06659
201	(3.5481334119281387-4.9258565051071495j)	0.10999226570129395	19.16191
202	(4.181707752963086-4.959571746310234j)	0.1090540885925293	19.25724
203	(4.811329365096921-4.912867666502609j)	0.1675870418548584	19.35257
204	(5.431028672043061-4.787203694306203j)	0.08839917182922363	19.4479
205	(6.029396309359798-4.584211743475208j)	0.10526895523071289	19.54323
206	(6.596505290236002-4.307528384609222j)	0.09755802154541016	19.63855
207	(7.123567801545084-3.9596454504466725j)	0.10614514350891113	19.73388
208	(7.603695462294288-3.5502035765406275j)	0.11751699447631836	19.82921
209	(8.02500239630995-3.080931642621546j)	0.12083888053894043	19.92454
210	(8.38700047844388-2.5649060717429717j)	0.11442995071411133	20.01987
211	(8.679334123746479-2.0070301938108432j)	0.11234307289123535	20.11519
212	(8.897410611329011-1.4157557398966039j)	0.08592700958251953	20.21052
213	(9.038729050136082-0.8023890334327839j)	0.1066439151763916	20.30585
214	(9.10199555848101-0.17641272972722444j)	0.10564136505126953	20.40118
215	(9.084815843584463+0.4524896050125289j)	0.08770298957824707	20.49651
216	(8.984823556915494+1.068563550848896j)	0.10252094268798828	20.59183
217	(8.814221683966672+1.6769237773126813j)	0.08610200881958008	20.68716
218	(8.555914949095623+2.2399396694504854j)	0.08908987045288086	20.78249
219	(8.24520241154207+2.7925247223148673j)	0.10827803611755371	20.87782
220	(7.858865862175011+3.2879258283311827j)	0.08940601348876953	20.97314
221	(7.4161177327731655+3.7286944060695304j)	0.09639883041381836	21.06847
222	(6.918523706521051+4.109689475125432j)	0.11855483055114746	21.1638
223	(6.378034713268203+4.424165149351008j)	0.09338688850402832	21.25913
224	(5.802359006078319+4.6687975471400565j)	0.0972750186920166	21.35446
225	(5.20160799600182+4.837348357272399j)	0.12234282493591309	21.44978
226	(4.583776280917497+4.9286806521609945j)	0.09506607055664062	21.54511
227	(3.9602050958605224+4.94106886121318j)	0.08680295944213867	21.64044
228	(3.34050620439161+4.874324516989331j)	0.13211417198181152	21.73577
229	(2.734746180146901+4.729958268763841j)	0.0824129581451416	21.8311
230	(2.1532536795687+4.5104389784612j)	0.08595085144042969	21.92642
231	(1.6042069234323526+4.218856193926427j)	0.1017148494720459	22.02175
232	(1.0966388189872318+3.860660572533205j)	0.1180579662322998	22.11708
233	(0.6393454600825528+3.441581926754208j)	0.09985494613647461	22.21241
234	(0.2394183686878324+2.968196726801817j)	0.11898183822631836	22.30774
235	(-0.09739899379321115+2.448657071857526j)	0.09404706954956055	22.40306
236	(-0.36590964956723027+1.8918990130985938j)	0.08212804794311523	22.49839
237	(-0.5612840908878569+1.3048980693371477j)	0.10318422317504883	22.59372
238	(-0.6792850892638531+0.6991479111932104j)	0.08927106857299805	22.68905
239	(-0.7223853911782077+0.08452336939721661j)	0.11318802833557129	22.78438
240	(-0.6858276593175072-0.5300421366525281j)	0.09351301193237305	22.8797
241	(-0.5716997978581624-1.1343937802596245j)	0.10109615325927734	22.97503
242	(-0.38313939200511377-1.719727131019722j)	0.142441987991333	23.07036
243	(-0.12298729340749259-2.2748254329908986j)	0.12404990196228027	23.16569
244	(0.20674097649602063-2.7924245921047683j)	0.08592891693115234	23.26102
245	(0.5977796198739251-3.26327370946379j)	0.13177490234375	23.35634
246	(1.0461297329019417-3.680042682771047j)	0.10233283042907715	23.45167
247	(1.5408638954874971-4.037601110589668j)	0.09774589538574219	23.547
248	(2.076805558117231-4.328534243128384j)	0.10523009300231934	23.64233
249	(2.6446794845767494-4.54893589638712j)	0.0899357795715332	23.73765
250	(3.2350353501507194-4.696041722730268j)	0.09500384330749512	23.83298
251	(3.8385887032000587-4.766434179599269j)	0.10701370239257812	23.92831
252	(4.445176038721894-4.760803880698415j)	0.10729503631591797	24.02364
253	(5.045000492052141-4.678162977125648j)	0.18738389015197754	24.11897
254	(5.6297601883024715-4.5198478063062915j)	0.1070401668548584	24.21429
255	(6.18869317793849-4.291119713765408j)	0.09595799446105957	24.30962
256	(6.712572789710942-3.9926869361763946j)	0.20731091499328613	24.40495
257	(7.193619647926322-3.6308347821374896j)	0.10265803337097168	24.50028
258	(7.625950296766917-3.2124525832137967j)	0.09428787231445312	24.59561
259	(8.000540847351065-2.743139171936769j)	0.11561799049377441	24.69093
260	(8.312050000644-2.2312285385217385j)	0.15530800819396973	24.78626
261	(8.55435477092476-1.6881257372405005j)	0.15428400039672852	24.88159
262	(8.729808940989937-1.112269629998961j)	0.11095595359802246	24.97692
263	(8.828221580965266-0.525073707690177j)	0.08223414421081543	25.07225
264	(8.852538381758537+0.07110974226794786j)	0.2410907745361328	25.16757
265	(8.801481508129557+0.663527753525122j)	0.12619400024414062	25.2629
266	(8.67593321960845+1.243337195665057j)	0.09185004234313965	25.35823
267	(8.478529019265869+1.8028059613995127j)	0.11306190490722656	25.45356
268	(8.21002698134211+2.3324312852266416j)	0.26044273376464844	25.54889
269	(7.882606221913232+2.8212125960241217j)	0.10499930381774902	25.64421
270	(7.493712646668476+3.264913749510908j)	0.08744001388549805	25.73954
271	(7.0527942989936765+3.654421366114123j)	0.21953725814819336	25.83487
272	(6.566929508009233+3.985182422672519j)	0.09505176544189453	25.9302
273	(6.045300017049483+4.252643444689195j)	0.09576678276062012	26.02553
274	(5.494065672138148+4.450322221527172j)	0.1127481460571289	26.12085
275	(5.015310475036084+4.801844679134874j)	0.09283995628356934	26.21618
276	(4.34318835753871+4.630492457470791j)	0.09143996238708496	26.31151
277	(3.761108743379003+4.611307605534271j)	0.08968782424926758	26.40684
278	(3.187901081811992+4.5185023510880065j)	0.10039591789245605	26.50216
279	(2.6315456758076006+4.353202295995176j)	0.09165596961975098	26.59749
280	(2.1012047451878457+4.120148764154865j)	0.09452390670776367	26.69282
281	(1.6058959369774621+3.8228983323859325j)	0.11469006538391113	26.78815
282	(1.1524720157703565+3.4665502211830437j)	0.08579421043395996	26.88348
283	(0.7493937549541533+3.056426480621841j)	0.0822441577911377	26.9788
284	(0.40037195495496464+2.5979713404996225j)	0.10009288787841797	27.07413
285	(0.11415700370934645+2.1037399082131993j)	0.08631396293640137	27.16946
286	(-0.10747438776491591+1.5773574803344472j)	0.11119580268859863	27.26479
287	(-0.25438153710620787+1.0473077616072421j)	0.08887100219726562	27.36012
288	(-0.3430873727906627+0.4637077250739831j)	0.10726594924926758	27.45544
289	(-0.3523795487271456-0.10413402197466719j)	0.08836674690246582	27.55077
290	(-0.29411890894958737-0.6678364799497087j)	0.08498096466064453	27.6461
291	(-0.16341447363665207-1.217779016541348j)	0.10545516014099121	27.74143
292	(0.0354875673651186-1.7466076795575287j)	0.08590388298034668	27.83676
293	(0.29943966158642177-2.2448140949550766j)	0.08293318748474121	27.93208
294	(0.6218789374993445-2.7036286390712148j)	0.0893712043762207	28.02741
295	(0.998437400212804-3.118370867540734j)	0.09619402885437012	28.12274
296	(1.4158600202064835-3.50232166148451j)	0.0829923152923584	28.21807
297	(1.8902331618125854-3.7877213301747004j)	0.08703804016113281	28.3134
298	(2.390715771429818-4.031479953873732j)	0.1196739673614502	28.40872
299	(2.916164342375136-4.210206085643829j)	0.08343124389648438	28.50405
300	(3.458548035666582-4.322342641603399j)	0.08345985412597656	28.59938
301	(4.010273805552243-4.362838248843742j)	0.10055708885192871	28.69471
302	(4.558835829930753-4.3343988642542595j)	0.08590173721313477	28.79004
303	(5.098608267673468-4.237232871896272j)	0.10134625434875488	28.88536
304	(5.625167371048399-4.074354173742556j)	0.08704209327697754	28.98069
305	(6.12218527678625-3.847095686307421j)	0.08382201194763184	29.07602
306	(6.5864213963591505-3.559064324615931j)	0.0978550910949707	29.17135
307	(7.009177849614759-3.2165368740976126j)	0.0915980339050293	29.26667
308	(7.384413628115901-2.8249100606879662j)	0.08293700218200684	29.362
309	(7.706630054139008-2.3879300002917723j)	0.0826420783996582	29.45733
310	(7.970818522748671-1.9185768684757252j)	0.10357499122619629	29.55266
311	(8.174258463403337-1.4188549142954527j)	0.08456611633300781	29.64799
312	(8.311425966243762-0.8996015572584362j)	0.08522319793701172	29.74331
313	(8.38311758990072-0.36863810168022426j)	0.10287833213806152	29.83864
314	(8.38684128728177+0.16571726678950127j)	0.08438611030578613	29.93397
315	(8.324383089889881+0.6947936837792372j)	0.09706425666809082	30.0293
316	(8.195746320961506+1.2105469423308775j)	0.08945202827453613	30.12463
317	(8.003775643950997+1.7047216238929876j)	0.0827798843383789	30.21995
318	(7.751592083682533+2.17043270362912j)	0.10665392875671387	30.31528
319	(7.44633869613121+2.5978952212186925j)	0.09763503074645996	30.41061
320	(7.088682215759279+2.9832126519408986j)	0.08575701713562012	30.50594
321	(6.686943396880271+3.3201327992034146j)	0.09177994728088379	30.60127
322	(6.247480416430463+3.6025442415776148j)	0.10862493515014648	30.69659
323	(5.779001268182783+3.827407854514j)	0.0911409854888916	30.79192
324	(5.289748546256596+4.020896050455872j)	0.08165192604064941	30.88725
325	(4.775814596193943+4.091199384115892j)	0.10299277305603027	30.98258
326	(4.261117489610673+4.125840743790199j)	0.0883331298828125	31.07791
327	(3.7467518407870375+4.097413561687826j)	0.10280299186706543	31.17323
328	(3.239771712310368+4.004396026592397j)	0.08648014068603516	31.26856
329	(2.7537042650157346+3.849207334766247j)	0.0842597484588623	31.36389
330	(2.291036596354469+3.635028772880436j)	0.09817004203796387	31.45922
331	(1.8591563510458349+3.364198827180884j)	0.09052896499633789	31.55455
332	(1.4663625718285191+3.0440297829578205j)	0.08424496650695801	31.64987
333	(1.1183603271692801+2.682526153273834j)	0.08617091178894043	31.7452
334	(0.8195765142684164+2.272077302622685j)	0.1029520034790039	31.84053
335	(0.573393207138945+1.8333677535842745j)	0.08267521858215332	31.93586
336	(0.3923751819745508+1.421867419311105j)	0.08534979820251465	32.03118
337	(0.2695522786902617+0.8850814673440459j)	0.10476803779602051	32.12651
338	(0.19120624145108395+0.3930493153743151j)	0.08506131172180176	32.22184
339	(0.18660870855076275-0.10306701295229156j)	0.10333704948425293	32.31717
340	(0.24468664000924717-0.5943387648775553j)	0.08629918098449707	32.4125
341	(0.3632098594286086-1.0738336392586438j)	0.08521699905395508	32.50782
342	(0.539093732063779-1.531403277540771j)	0.11779999732971191	32.60315
343	(0.7712216051104062-1.9628139243261535j)	0.08714699745178223	32.69848
344	(1.0538897172137678-2.3627191864865558j)	0.08585476875305176	32.79381
345	(1.3830669208214428-2.719107870640914j)	0.09578490257263184	32.88914
346	(1.7191123105769552-3.0295921008083697j)	0.09059309959411621	32.98446
347	(2.1579093846259894-3.296036233863325j)	0.08408880233764648	33.07979
348	(2.591532284447346-3.5055408572059514j)	0.0844578742980957	33.17512
349	(3.0453535946782737-3.66329058480309j)	0.10332894325256348	33.27045
350	(3.5138640765610147-3.7574415900591966j)	0.0857539176940918	33.36578
351	(3.988391988236754-3.792987729319065j)	0.08518409729003906	33.4611
352	(4.463714511197967-3.771252449375977j)	0.10191774368286133	33.55643
353	(4.930722665934439-3.690196495064315j)	0.08571910858154297	33.65176
354	(5.381123099866549-3.5517802011256374j)	0.10550904273986816	33.74709
355	(5.8098785468222935-3.358473426067699j)	0.08529090881347656	33.84242
356	(6.209735159062501-3.115196173293051j)	0.08780813217163086	33.93774
357	(6.575058727708245-2.8246314084977446j)	0.09732294082641602	34.03307
358	(6.900686810207629-2.4693772187903487j)	0.09212327003479004	34.1284
359	(7.180167875051342-2.123825006513243j)	0.08393597602844238	34.22373
360	(7.410847316344603-1.7230878445220514j)	0.08344006538391113	34.31906
361	(7.590426877985054-1.2997532165528851j)	0.10088300704956055	34.41438
362	(7.718638360100214-0.8587453397102018j)	0.08418703079223633	34.50971
363	(7.783632305938948-0.40705633239593597j)	0.08529186248779297	34.60504
364	(7.795593970708787+0.046477308400456274j)	0.11064982414245605	34.70037
365	(7.750808575373023+0.4988550276147047j)	0.0886678695678711	34.79569
366	(7.650601692200485+0.9390361094568743j)	0.10231971740722656	34.89102
367	(7.497392372619538+1.3636955363490455j)	0.08387613296508789	34.98635
368	(7.293546934048218+1.7617920147070365j)	0.08236002922058105	35.08168
369	(7.042691870220148+2.133481550667026j)	0.09997391700744629	35.17701
370	(6.749020379644151+2.465503021146786j)	0.0902869701385498	35.27233
371	(6.417455117175244+2.7593760438551005j)	0.08371186256408691	35.36766
372	(6.052867819566803+3.0096370915671575j)	0.08704590797424316	35.46299
373	(5.662877335454151+3.211596709526078j)	0.1029670238494873	35.55832
374	(5.251223050561227+3.3631893707635747j)	0.09349489212036133	35.65365
375	(4.826391783327577+3.4616559695535503j)	0.08528995513916016	35.74897
376	(4.392837683733411+3.5077426479082736j)	0.10315799713134766	35.8443
377	(3.959429571126011+3.49922364127715j)	0.08341288566589355	35.93963
378	(3.5329263555552846+3.437068855239591j)	0.10383796691894531	36.03496
379	(3.1183364420558295+3.3237573080335165j)	0.08434009552001953	36.13029
380	(2.7225019272086772+3.160679657552913j)	0.08394813537597656	36.22561
381	(2.363626066728548+2.7599792681488307j)	0.09826207160949707	36.32094
382	(2.010441555308025+2.697179605233469j)	0.0979619026184082	36.41627
383	(1.7057486877072612+2.4043384234181797j)	0.0918881893157959	36.5116
384	(1.4376883087868906+2.077689005519743j)	0.08795595169067383	36.60693
385	(1.2148278087373512+1.7219171361273489j)	0.10090398788452148	36.70225
386	(1.037667462280727+1.3427846357418571j)	0.08417773246765137	36.79758
387	(0.9093237061451023+0.9464527866973905j)	0.08622288703918457	36.89291
388	(0.8295320018016481+0.5376535818246472j)	0.10689806938171387	36.98824
389	(0.8033709182806524+0.1265991202648467j)	0.0862274169921875	37.08357
390	(0.8277149573536496-0.28469583186702174j)	0.09961509704589844	37.17889
391	(0.9012202562020305-0.6880672061567922j)	0.08612918853759766	37.27422
392	(1.0236895724008566-1.077710724869633j)	0.08461213111877441	37.36955
393	(1.1924361814692546-1.4480025934197776j)	0.10237789154052734	37.46488
394	(1.4042668300598293-1.7931155761686484j)	0.08885478973388672	37.5602
395	(1.6568918659601244-2.108084817808691j)	0.08235383033752441	37.65553
396	(1.9445148249956503-2.3890871496748494j)	0.09709382057189941	37.75086
397	(2.2626396285514003-2.6315614635238758j)	0.11043190956115723	37.84619
398	(2.606820424281908-2.83211462221247j)	0.09141969680786133	37.94152
399	(2.9730333127506663-2.988388436363872j)	0.10133600234985352	38.03684
400	(3.3521793860226383-3.0978988151874964j)	0.09691596031188965	38.13217
401	(3.741938394015813-3.1597866647333905j)	0.08596992492675781	38.2275
402	(4.133720795773187-3.173737486986574j)	0.09007096290588379	38.32283
403	(4.52301606502993-3.139433197006123j)	0.1169440746307373	38.41816
404	(4.903700481795481-3.0581172236155685j)	0.08805608749389648	38.51348
405	(5.270032318090629-2.9321181075750715j)	0.08601903915405273	38.60881
406	(5.616302951918354-2.7611815396682067j)	0.10795903205871582	38.70414
407	(5.938566277000387-2.551005525430917j)	0.08690404891967773	38.79947
408	(6.23185180855267-2.303850854856311j)	0.08599305152893066	38.8948
409	(6.49022040325659-2.0241485273795345j)	0.11121296882629395	38.99012
410	(6.712768400752175-1.7159641146892217j)	0.08779764175415039	39.08545
411	(6.8945716078060935-1.3843923472777175j)	0.10215306282043457	39.18078
412	(7.034674543597343-1.0347923722124632j)	0.0858161449432373	39.27611
413	(7.129784768990055-0.6711494644069551j)	0.08474016189575195	39.37144
414	(7.180170039985481-0.3008948059502641j)	0.09957313537597656	39.46676
415	(7.184853697656896+0.07220709999275221j)	0.09822297096252441	39.56209
416	(7.144559600173865+0.440398579300765j)	0.0839838981628418	39.65742
417	(7.060606581631141+0.8006065551523175j)	0.08688902854919434	39.75275
418	(6.932480879331268+1.1452219179025005j)	0.11279797554016113	39.84808
419	(6.766282151445857+1.4711600590853788j)	0.08662009239196777	39.9434
420	(6.559918783243455+1.7732497711413657j)	0.09041404724121094	40.03873
421	(6.319650187639493+2.0468641809207835j)	0.1069340705871582	40.13406
422	(6.049299531136073+2.2883990456973207j)	0.08488702774047852	40.22939
423	(5.753435946723743+2.4948236497860314j)	0.08600878715515137	40.32471
424	(5.436264294943947+2.662906135505478j)	0.10175514221191406	40.42004
425	(5.101010405118078+2.7907538323940724j)	0.0866692066192627	40.51537
426	(4.7549346607957705+2.875992331391779j)	0.11060690879821777	40.6107
427	(4.401815109253487+2.9197679774351473j)	0.0857231616973877	40.70603
428	(4.0469147681554105+2.9221983071046838j)	0.09386682510375977	40.80135
429	(3.69744619442753+2.877116004071091j)	0.08552002906799316	40.89668
430	(3.3560543900999544+2.7930059397989218j)	0.09816598892211914	40.99201
431	(3.0282199611999365+2.667540359507626j)	0.0926058292388916	41.08734
432	(2.7198929230199846+2.5057032332938065j)	0.0982060432434082	41.18267
433	(2.4344804956228474+2.3077658281044426j)	0.0905606746673584	41.27799
434	(2.175160492940998+2.0773446634179344j)	0.08768892288208008	41.37332
435	(1.946843211101005+1.8183243743207216j)	0.08592987060546875	41.46865
436	(1.7504116809025698+1.5396521185130396j)	0.10915398597717285	41.56398
437	(1.5936458622059773+1.2306241581812665j)	0.0941619873046875	41.65931
438	(1.4728957444185757+0.9107692032496337j)	0.08384513854980469	41.75463
439	(1.392385967586345+0.5802238627443557j)	0.10376405715942383	41.84996
440	(1.352170164717824+0.2430534886074046j)	0.08684682846069336	41.94529
441	(1.3529859592456928-0.09488460834279322j)	0.1057729721069336	42.04062
442	(1.3937915849569362-0.4296407301862698j)	0.08468294143676758	42.13595
443	(1.4776314056449542-0.7546940815545877j)	0.10234618186950684	42.23127
444	(1.5942434441232085-1.0685197141189469j)	0.08514189720153809	42.3266
445	(1.7505550674398322-1.363565959336806j)	0.0831611156463623	42.42193
446	(1.9380202469014978-1.637436317731079j)	0.09739279747009277	42.51726
447	(2.1584392671915493-1.8851068042973176j)	0.09270405769348145	42.61259
448	(2.4062925643283233-2.105525832182812j)	0.08175110816955566	42.70791
449	(2.6771862054555933-2.292891164487091j)	0.0837087631225586	42.80324
450	(2.968258058890071-2.4464839959367013j)	0.11190199851989746	42.89857
451	(3.2744651237504847-2.563406392572411j)	0.0941469669342041	42.9939
452	(3.5915952388057732-2.6428782073703445j)	0.08673977851867676	43.08922
453	(3.913459947854795-2.6794384883619724j)	0.10586214065551758	43.18455
454	(4.239917142396345-2.6849189172164496j)	0.08513307571411133	43.27988
455	(4.561867849188562-2.6479670754152376j)	0.10549187660217285	43.37521
456	(4.876258430360359-2.572876661655785j)	0.08538198471069336	43.47054
457	(5.178767439856527-2.4609404717208125j)	0.10129213333129883	43.56586
458	(5.462944660138285-2.314943150420933j)	0.09874892234802246	43.66119
459	(5.730637198137293-2.13420694474818j)	0.0967249870300293	43.75652
460	(5.9727700187574255-1.9248001716860643j)	0.10345983505249023	43.85185
461	(6.187729468547712-1.689136000946225j)	0.08839297294616699	43.94718
462	(6.372185274389148-1.429120222910675j)	0.08376884460449219	44.0425
463	(6.523901724137383-1.1501674072583468j)	0.10126781463623047	44.13783
464	(6.641463651254844-0.855033450423929j)	0.08860015869140625	44.23316
465	(6.7227949175151185-0.548774965001571j)	0.08398795127868652	44.32849
466	(6.76697590611275-0.23598434863607576j)	0.08699584007263184	44.42382
467	(6.765960363592249+0.09007761815142201j)	0.10270810127258301	44.51914
468	(6.741939915507079+0.39198521292752186j)	0.08529925346374512	44.61447
469	(6.6745221329872235+0.6989269074126807j)	0.08451509475708008	44.7098
470	(6.569558746334504+0.9980266322541858j)	0.10275506973266602	44.80513
471	(6.432876537447402+1.2760370073185388j)	0.08649134635925293	44.90046
472	(6.2619674535540035+1.5377977219501522j)	0.08672380447387695	44.99578
473	(6.06405398440404+1.7751257450999725j)	0.10430216789245605	45.09111
474	(5.83597249792568+1.9921579925497317j)	0.0863029956817627	45.18644
475	(5.585845035678899+2.1775736334627407j)	0.09905624389648438	45.28177
476	(5.316613672816748+2.332054244579351j)	0.08852386474609375	45.3771
477	(5.030562036014431+2.452447791838578j)	0.08463311195373535	45.47242
478	(4.730580103441749+2.540475557316811j)	0.13683724403381348	45.56775
479	(4.4206828578894015+2.5849610279701754j)	0.15274500846862793	45.66308
480	(4.116752436880027+2.6011994823196036j)	0.12287592887878418	45.75841
481	(3.8087898792803347+2.577899679979923j)	0.0980532169342041	45.85373
482	(3.5053687334885937+2.5171372954887232j)	0.09448695182800293	45.94906
483	(3.211417637055086+2.4220626910233767j)	0.10814499855041504	46.04439
484	(2.931294203663264+2.2928336378620124j)	0.09655022621154785	46.13972
485	(2.6686313163117314+2.1308712601773956j)	0.10872030258178711	46.23505
486	(2.42956310887805+1.934892469132801j)	0.10135006904602051	46.33037
487	(2.2101437648835676+1.7202080842441547j)	0.0927891731262207	46.4257
488	(2.0207741364645817+1.4774968974338243j)	0.10815572738647461	46.52103
489	(1.861433290529501+1.2134647200701207j)	0.09029698371887207	46.61636
490	(1.7343736629652928+0.9330321936434596j)	0.0913689136505127	46.71169
491	(1.6412382971636594+0.6386658144318519j)	0.23535990715026855	46.80701
492	(1.5848273244883613+0.33636881737458213j)	0.08901619911193848	46.90234
493	(1.5734077129714041+0.03431629502655431j)	0.09146690368652344	46.99767
494	(1.5794762918772518-0.27919691107648215j)	0.09856510162353516	47.093
495	(1.631591004993696-0.5824672095427265j)	0.08434915542602539	47.18833
496	(1.7195012618339676-0.878149245109688j)	0.08329391479492188	47.28365
497	(1.8417387472020712-1.1612830151802553j)	0.10779213905334473	47.37898
498	(1.9966378377317082-1.4277063744877971j)	0.09315013885498047	47.47431
499	(2.1829009472685947-1.6747510208003638j)	0.08220481872558594	47.56964
500	(2.3957646123245073-1.8983686999252019j)	0.08381795883178711	47.66497
501	(2.6361095478029815-2.094717813915974j)	0.08649396896362305	47.76029
502	(2.897742103701438-2.260255512352114j)	0.08561897277832031	47.85562
503	(3.1757801278186273-2.395558998964422j)	0.08496403694152832	47.95095
504	(3.469059764625575-2.4963711334216203j)	0.08357405662536621	48.04628
505	(3.7732584117580847-2.5622078499676384j)	0.08310079574584961	48.14161
506	(4.082428782557459-2.590095018268792j)	0.084197998046875	48.23693
507	(4.390626562977592-2.5836749356808726j)	0.08196496963500977	48.33226
508	(4.701854284000442-2.5365873459232535j)	0.08248496055603027	48.42759
509	(5.005521939128895-2.4583131489324934j)	0.09054088592529297	48.52292
510	(5.293028850727669-2.337514991088235j)	0.09124374389648438	48.61824
511	(5.566952416274843-2.186451324034258j)	0.0963587760925293	48.71357
512	(5.821940144809638-2.0038417061444496j)	0.11026883125305176	48.8089
513	(6.053699220531529-1.7913026452538734j)	0.08764076232910156	48.90423
514	(6.2586764938847-1.5528798364482075j)	0.0865640640258789	48.99956
515	(6.434343552028987-1.29087151129283j)	0.0892021656036377	49.09488
516	(6.577437761006788-1.0095098000063558j)	0.08957910537719727	49.19021
517	(6.686450561630766-0.7124868583677442j)	0.08905172348022461	49.28554
518	(6.758909774014466-0.40303761785967307j)	0.09861302375793457	49.38087
519	(6.795172432668978-0.08786478137221643j)	0.1254289150238037	49.4762
520	(6.793264533018101+0.23037898834064752j)	0.09401416778564453	49.57152
521	(6.752822226673653+0.5472832974212429j)	0.11616706848144531	49.66685
522	(6.67480303809479+0.8585054935387095j)	0.09041500091552734	49.76218
523	(6.56002323180717+1.1572352098266276j)	0.08604693412780762	49.85751
524	(6.409732498602267+1.440612705697534j)	0.08342981338500977	49.95284
525	(6.226776857433551+1.7068395230750077j)	0.08524227142333984	50.04816
526	(6.012224532382573+1.9487251485221473j)	0.0900731086730957	50.14349
527	(5.769978825428351+2.1639161629252266j)	0.10529708862304688	50.23882
528	(5.502760998902007+2.348983925472795j)	0.11120295524597168	50.33415
529	(5.214669895242857+2.500862776698259j)	0.11111807823181152	50.42948
530	(4.909681336555994+2.6181952516329834j)	0.11495494842529297	50.5248
531	(4.591632383339533+2.6978807672167897j)	0.1066749095916748	50.62013
532	(4.265966395918545+2.739052449739891j)	0.13029193878173828	50.71546
533	(3.9363474269152614+2.7408074031450758j)	0.1006920337677002	50.81079
534	(3.607661497564189+2.7031620359331527j)	0.09934091567993164	50.90612
535	(3.2854840508039387+2.6258122720717885j)	0.10348320007324219	51.00144
536	(2.9744695239709933+2.5113984333177j)	0.10040402412414551	51.09677
537	(2.6768228766165345+2.357490163158758j)	0.10364007949829102	51.1921
538	(2.400474920906437+2.1689647812971673j)	0.12149405479431152	51.28743
539	(2.1465827850783246+1.949164080569475j)	0.11377811431884766	51.38276
540	(1.9210746068321265+1.6987698929546027j)	0.08397221565246582	51.47808
541	(1.7265104988418698+1.4226247390066065j)	0.08600282669067383	51.57341
542	(1.5660582118165913+1.123600538535348j)	0.09874582290649414	51.66874
543	(1.4420108420322832+0.8068616183030086j)	0.09393811225891113	51.76407
544	(1.3580409155320072+0.4754230876979732j)	0.13487696647644043	51.85939
545	(1.3120592067965138+0.1372815902337361j)	0.1220698356628418	51.95472
546	(1.3099127052673656-0.2079329958624484j)	0.10102391242980957	52.05005
547	(1.3489627115406098-0.5509915531062005j)	0.09775018692016602	52.14538
548	(1.4285377189785256-0.8877374970578444j)	0.10533285140991211	52.24071
549	(1.5487872235982338-1.2135194845281454j)	0.13955378532409668	52.33603
550	(1.7081537221752807-1.5231901230262812j)	0.2355811595916748	52.43136
551	(1.9047003119035408-1.8133986859202906j)	0.12391304969787598	52.52669
552	(2.1353942004560533-2.078307901390625j)	0.11625194549560547	52.62202
553	(2.39808380625817-2.313624792977877j)	0.09554219245910645	52.71735
554	(2.687709732638325-2.5166159224276363j)	0.09539794921875	52.81267
555	(3.001130022551498-2.683570503605865j)	0.14605712890625	52.908
556	(3.334014454151605-2.811927771851197j)	0.1359107494354248	53.00333
557	(3.6812066443112554-2.899247889858004j)	0.09321403503417969	53.09866
558	(4.037608924780318-2.9439398359874094j)	0.09048700332641602	53.19399
559	(4.398972056730477-2.945976403700208j)	0.09543395042419434	53.28931
560	(4.758095489922104-2.9017424636285902j)	0.1271500587463379	53.38464
561	(5.109546274432721-2.817325386637938j)	0.11527895927429199	53.47997
562	(5.451845708667321-2.6863014058796386j)	0.10915565490722656	53.5753
563	(5.775844113130351-2.516875276280423j)	0.10085129737854004	53.67063
564	(6.078180293729131-2.3067612142839637j)	0.08932614326477051	53.76595
565	(6.353719620452985-2.060709347355653j)	0.10794615745544434	53.86128
566	(6.597439155394682-1.782710162323033j)	0.09412121772766113	53.95661
567	(6.80764056648308-1.4749104855891404j)	0.09361004829406738	54.05194
568	(6.978669850579044-1.1428481427167436j)	0.10400009155273438	54.14727
569	(7.108853477389785-0.7913420996887339j)	0.10277605056762695	54.24259
570	(7.195310828384455-0.42483297264784126j)	0.11533713340759277	54.33792
571	(7.236690558452997-0.049523871669436836j)	0.17695379257202148	54.43325
572	(7.231671505104964+0.3301130371098182j)	0.11347508430480957	54.52858
573	(7.179956288516928+0.7071289158745513j)	0.1120450496673584	54.6239
574	(7.082412943837157+1.077090833096793j)	0.11192870140075684	54.71923
575	(6.940165532836959+1.4342843465016974j)	0.10488677024841309	54.81456
576	(6.753986630134553+1.7715240515811765j)	0.17089200019836426	54.90989
577	(6.527375809681612+2.0853775362194455j)	0.14430618286132812	55.00522
578	(6.264526474391862+2.3724271346428245j)	0.1898331642150879	55.10054
579	(5.963900251445478+2.62035484461489j)	0.09316205978393555	55.19587
580	(5.6351567090652175+2.835072424900105j)	0.09111690521240234	55.2912
581	(5.282176516009841+3.006853063307238j)	0.11083722114562988	55.38653
582	(4.905188016202554+3.137879063418568j)	0.10541582107543945	55.48186
583	(4.520909133111772+3.217023934546849j)	0.09723615646362305	55.57718
584	(4.124716125209603+3.251188912451113j)	0.11849594116210938	55.67251
585	(3.724936406176937+3.2354370289438097j)	0.0948338508605957	55.76784
586	(3.3288910270534044+3.1709383332424808j)	0.11335396766662598	55.86317
587	(2.94249825005625+3.058049148356434j)	0.18941092491149902	55.9585
588	(2.57078103466725+2.8971228266475295j)	0.09138774871826172	56.05382
589	(2.2204220686122182+2.691294062499524j)	0.08473014831542969	56.14915
590	(1.8973120134397778+2.4434303459404876j)	0.09963297843933105	56.24448
591	(1.606588320729601+2.1560441502119074j)	0.09446001052856445	56.33981
592	(1.3507327809099745+1.8342203347905457j)	0.0869758129119873	56.43514
593	(1.1299491515259599+1.4869842447776216j)	0.11756420135498047	56.53046
594	(0.966457480452547+1.1035352952079385j)	0.09481525421142578	56.62579
595	(0.8437997092335582+0.7067149406322092j)	0.08452606201171875	56.72112
596	(0.7711047054834983+0.2959432815137926j)	0.11731815338134766	56.81645
597	(0.7493473910532547-0.12305969954708212j)	0.09650564193725586	56.91178
598	(0.7798666676855155-0.5425542100428881j)	0.09696578979492188	57.0071
599	(0.8617878405962903-0.9570260944610827j)	0.10899734497070312	57.10243
600	(0.9953821844984899-1.3599026254550108j)	0.10000991821289062	57.19776
601	(1.1773006912862265-1.7441003950458698j)	0.09805870056152344	57.29309
602	(1.4067707648811512-2.1051022129294465j)	0.12037086486816406	57.38841
603	(1.7163014912088577-2.4575997741132323j)	0.12158203125	57.48374
604	(1.9935137696220668-2.730957576074621j)	0.09727883338928223	57.57907
605	(2.3423305901606524-2.985872804836687j)	0.0859518051147461	57.6744
606	(2.721263964170517-3.197243186709718j)	0.14266419410705566	57.76973
607	(3.1245500347288058-3.3594595780717764j)	0.10096120834350586	57.86505
608	(3.54789256508558-3.4723989892320333j)	0.09219193458557129	57.96038
609	(3.982341690176793-3.5326713234514093j)	0.08692622184753418	58.05571
610	(4.423128851035722-3.537185214245284j)	0.10438394546508789	58.15104
611	(4.862176509039562-3.4885998259376025j)	0.08714580535888672	58.24637
612	(5.294049781412494-3.384945085336449j)	0.09111714363098145	58.34169
613	(5.711061454273405-3.2256570413725147j)	0.11552596092224121	58.43702
614	(6.105514261216913-3.017586277282813j)	0.096160888671875	58.53235
615	(6.474414488313537-2.760086582188392j)	0.08844280242919922	58.62768
616	(6.80884155944975-2.4582117493461015j)	0.10839033126831055	58.72301
617	(7.104789565049048-2.1163830205069964j)	0.09474897384643555	58.81833
618	(7.355196942544443-1.7394812698155642j)	0.10589075088500977	58.91366
619	(7.558918501239844-1.3304293426662874j)	0.08627986907958984	59.00899
620	(7.711152131422667-0.8993556866628567j)	0.08567380905151367	59.10432
621	(7.808029495844432-0.452421959148801j)	0.10771512985229492	59.19965
622	(7.8497727578281475+0.00743443245732367j)	0.09597897529602051	59.29497
623	(7.834853094233502+0.46842229618709785j)	0.1082148551940918	59.3903
624	(7.759672049196883+0.9267316662569192j)	0.10471081733703613	59.48563
625	(7.628610291292483+1.3736775858920618j)	0.08433270454406738	59.58096
626	(7.437729090511052+1.804837594613188j)	0.11024594306945801	59.67629
627	(7.204275409348882+2.2057766452558707j)	0.08575201034545898	59.77161
628	(6.915870582817672+2.577458037376309j)	0.10410785675048828	59.86694
629	(6.583149260910833+2.9117278306356362j)	0.08605408668518066	59.96227
630	(6.208940369693255+3.2011782881199524j)	0.10355973243713379	60.0576
631	(5.801544288117643+3.4467466041138914j)	0.0861351490020752	60.15292
632	(5.364676335992959+3.637647742253919j)	0.08395981788635254	60.24825
633	(4.905591540151872+3.7731349759439508j)	0.09581780433654785	60.34358
634	(4.43213149956895+3.851628012036883j)	0.09241104125976562	60.43891
635	(3.948710991501791+3.8693400508097247j)	0.08399057388305664	60.53424
636	(3.4692843661229773+3.827586157823478j)	0.08484506607055664	60.62956
637	(2.994530147538851+3.7239063041817637j)	0.10479116439819336	60.72489
638	(2.5354783105223024+3.5627261406061286j)	0.08250188827514648	60.82022
639	(2.0985816765973913+3.3445001431125707j)	0.0859689712524414	60.91555
640	(1.691821632665219+3.0726086403948663j)	0.10617995262145996	61.01088
641	(1.3197611896873915+2.7525945925862176j)	0.09355711936950684	61.1062
642	(0.9899682671512984+2.384850703193305j)	0.1224679946899414	61.20153
643	(0.7075428444503008+1.9785246123433315j)	0.12196087837219238	61.29686
644	(0.47790496443346714+1.539643446311457j)	0.14952301979064941	61.39219
645	(0.30379743969208894+1.072234544382232j)	0.11122727394104004	61.48752
646	(0.1952794187460687+0.5837118540012324j)	0.13125205039978027	61.58284
647	(0.1387712439223756+0.0868120071941419j)	0.13646292686462402	61.67817
648	(0.1460553493611511-0.4144634512839785j)	0.13079071044921875	61.7735
649	(0.22001005189475997-0.9101334812843535j)	0.12334489822387695	61.86883
650	(0.3536425345974744-1.4005155388918546j)	0.12289309501647949	61.96416
651	(0.5528281505153635-1.8698293831659019j)	0.11121082305908203	62.05948
652	(0.8024597021393503-2.3098111043284106j)	0.08823990821838379	62.15481
653	(1.1097000384688247-2.7171468293222145j)	0.08370113372802734	62.25014
654	(1.4668666856537744-3.0840823036522966j)	0.12073206901550293	62.34547
655	(1.8680388827851835-3.4043025731300913j)	0.1315758228302002	62.4408
656	(2.3077617313257814-3.6722249218305096j)	0.12793183326721191	62.53612
657	(2.7788544857987505-3.883924577116813j)	0.11994171142578125	62.63145
658	(3.2741490600707315-4.034719361756354j)	0.10430097579956055	62.72678
659	(3.7861381250662833-4.1235323350741035j)	0.09131717681884766	62.82211
660	(4.306099619996083-4.147300869220892j)	0.12399172782897949	62.91743
661	(4.826963983886717-4.1053228786467315j)	0.13834691047668457	63.01276
662	(5.3362275220449495-3.997059344369119j)	0.13175392150878906	63.10809
663	(5.836859222770954-3.8272046968168825j)	0.11029195785522461	63.20342
664	(6.3117913778037895-3.5951173915909678j)	0.09061288833618164	63.29875
665	(6.750701497825442-3.303612728694775j)	0.08973479270935059	63.39407
666	(7.153099685479593-2.9589188443601566j)	0.10353589057922363	63.4894
667	(7.509582481174801-2.564749239406208j)	0.08966898918151855	63.58473
668	(7.815019695730021-2.1285749780913306j)	0.10238409042358398	63.68006
669	(8.064905098833357-1.6574272671219124j)	0.13956999778747559	63.77539
670	(8.251985483659768-1.1544414304896722j)	0.12753915786743164	63.87071
671	(8.376389629490381-0.6317734319042216j)	0.10164213180541992	63.96604
672	(8.433478833937126-0.09659048272352155j)	0.08373808860778809	64.06137
673	(8.423116643400268+0.44330555929455295j)	0.0945749282836914	64.1567
674	(8.345087989263696+0.9790412255336742j)	0.09034180641174316	64.25203
675	(8.20036187839437+1.5019413833856425j)	0.08306527137756348	64.34735
676	(7.9885882016647365+2.0037528328814904j)	0.09525704383850098	64.44268
677	(7.718057191561371+2.4764522958085085j)	0.10807108879089355	64.53801
678	(7.38820563453165+2.9124661579849116j)	0.09822797775268555	64.63334
679	(7.004336864149854+3.30414216787444j)	0.08773612976074219	64.72867
680	(6.5736665088952195+3.645414524962968j)	0.10429692268371582	64.82399
681	(6.102000295382661+3.9312635487239462j)	0.08462810516357422	64.91932
682	(5.597364017015791+4.155682311074782j)	0.08535194396972656	65.01465
683	(5.067756069280112+4.315098908846376j)	0.10942602157592773	65.10998
684	(4.520176164419588+4.406883787131499j)	0.08513402938842773	65.20531
685	(3.963844648195156+4.429526597785853j)	0.10117101669311523	65.30063
686	(3.408812124043569+4.3814237599581025j)	0.08560800552368164	65.39596
687	(2.8605690167211564+4.266271218144368j)	0.08281993865966797	65.49129
688	(2.33344771936654+4.076585910353063j)	0.10134410858154297	65.58662
689	(1.8318058906444257+3.8271759234475797j)	0.09336113929748535	65.68194
690	(1.364194217872506+3.5135423483232886j)	0.08363008499145508	65.77727
691	(0.9389125406655491+3.143023746057688j)	0.0837249755859375	65.8726
692	(0.5625631694417823+2.7205591652118155j)	0.10599088668823242	65.96793
693	(0.24176380886068394+2.2536911013645997j)	0.08217811584472656	66.06326
694	(-0.017996100476475374+1.747527541269178j)	0.08306574821472168	66.15858
695	(-0.2134054480093463+1.2130379427725082j)	0.10229301452636719	66.25391
696	(-0.33960001727509415+0.657972865506518j)	0.08710503578186035	66.34924
697	(-0.39454570627443164+0.08910050836177394j)	0.11690115928649902	66.44457
698	(-0.37806042956869845-0.4833787311000567j)	0.08862471580505371	66.5399
699	(-0.28902522963648225-1.0504118215108906j)	0.08599209785461426	66.63522
700	(-0.1292651673789852-1.6028738776550002j)	0.09748196601867676	66.73055
701	(0.09927520702673476-2.1316949070956848j)	0.1316969394683838	66.82588
702	(0.39356557233732364-2.6289052609469654j)	0.13299894332885742	66.92121
703	(0.7486368107199721-3.0862353498637045j)	0.11627697944641113	67.01654
704	(1.159299944150178-3.495342716891478j)	0.0971381664276123	67.11186
705	(1.6192035432339926-3.850566959403756j)	0.0941469669342041	67.20719
706	(2.0491109307855306-4.137947253008736j)	0.0919349193572998	67.30252
707	(2.6714512147754235-4.376257856693331j)	0.11810612678527832	67.39785
708	(3.2188595974561576-4.535379035591268j)	0.1839148998260498	67.49318
709	(3.7978558614524385-4.624194452070137j)	0.13986515998840332	67.5885
710	(4.384399724528728-4.639144531101734j)	0.13633108139038086	67.68383
711	(4.968902118053407-4.5800551453942235j)	0.12495303153991699	67.77916
712	(5.542924298297838-4.447491092087769j)	0.12165522575378418	67.87449
713	(6.096286625617196-4.240142070818011j)	0.1116480827331543	67.96982
714	(6.620069699408045-3.969890952409811j)	0.12295413017272949	68.06514
715	(7.106174904522198-3.635977091767468j)	0.1273641586303711	68.16047
716	(7.5471137506685215-3.236226663721244j)	0.12983918190002441	68.2558
717	(7.935734110736522-2.7851127937378877j)	0.09613204002380371	68.35113
718	(8.263461915347571-2.2903083133814492j)	0.10875701904296875	68.44645
719	(8.527018310896855-1.7557566918270036j)	0.1192481517791748	68.54178
720	(8.721985803731684-1.1914035763147528j)	0.12803411483764648	68.63711
721	(8.843539060280444-0.6058187330578838j)	0.12354731559753418	68.73244
722	(8.891019480240313-0.008821089420595063j)	0.1266319751739502	68.82777
723	(8.863216447872155+0.5901574336982855j)	0.12842798233032227	68.92309
724	(8.757325522416194+1.1830896573470069j)	0.1343700885772705	69.01842
725	(8.579880240358785+1.7573535073479043j)	0.08882617950439453	69.11375
726	(8.330384270012749+2.3046108520722415j)	0.10391116142272949	69.20908
727	(8.012831528739945+2.819362873657795j)	0.13767027854919434	69.30441
728	(7.6326245348705015+3.2897942009448773j)	0.1229250431060791	69.39973
729	(7.202649725264007+3.7082087688397087j)	0.13092708587646484	69.49506
730	(6.707790000072914+4.069379769097119j)	0.12050509452819824	69.59039
731	(6.178067206920512+4.366249257883011j)	0.1294999122619629	69.68572
732	(5.614026742012439+4.594130910333625j)	0.11680483818054199	69.78105
733	(5.025474170732522+4.749350874799053j)	0.13669705390930176	69.87637
734	(4.42033821175836+4.830108836208574j)	0.1217341423034668	69.9717
735	(3.809147090565243+4.831091374685702j)	0.09795784950256348	70.06703
736	(3.2023928365728165+4.756994011840588j)	0.09082508087158203	70.16236
737	(2.6089219001297668+4.606799083684209j)	0.10569500923156738	70.25769
738	(2.038593227892962+4.381222817173999j)	0.09542393684387207	70.35301
739	(1.5001191192403591+4.086780810446686j)	0.12986397743225098	70.44834
740	(1.0029750300320945+3.723504136075476j)	0.13498997688293457	70.54367
741	(0.555166478324524+3.3018105359633165j)	0.12684321403503418	70.639
742	(0.16508888116936843+2.8260476867695967j)	0.09381890296936035	70.73433
743	(-0.16575629500253836+2.303652263470374j)	0.10234308242797852	70.82965
744	(-0.42714857817387836+1.7432905319738317j)	0.08776283264160156	70.92498
745	(-0.614259711055498+1.1540147149872109j)	0.1097879409790039	71.02031
746	(-0.7261174629904665+0.5448917281977548j)	0.13207101821899414	71.11564
747	(-0.7611661231239277-0.07377866129398708j)	0.12430810928344727	71.21096
748	(-0.7161646514289457-0.6933857724009819j)	0.12148213386535645	71.30629
749	(-0.5938630452070455-1.3024744666397061j)	0.08623600006103516	71.40162
750	(-0.39529643508713985-1.8922374629655034j)	0.1016077995300293	71.49695
751	(-0.1235478161132352-2.452396518463055j)	0.08553099632263184	71.59228
752	(0.21712302554111032-2.974189982117798j)	0.11329221725463867	71.6876
753	(0.6215626883086398-3.4491018071894395j)	0.10445618629455566	71.78293
754	(1.08135646840851-3.8532042557311685j)	0.09696793556213379	71.87826
755	(1.5950486408765117-4.230020387440261j)	0.10369014739990234	71.97359
756	(2.149039798886844-4.522212138966732j)	0.09183406829833984	72.06892
757	(2.735154455906395-4.7422262282759515j)	0.08371376991271973	72.16424
758	(3.3441182408091032-4.886714394648745j)	0.10541415214538574	72.25957
759	(3.9607604671197723-4.953514595594261j)	0.11602616310119629	72.3549
760	(4.597626467004778-4.939126361345842j)	0.12008094787597656	72.45023
761	(5.219628023350644-4.846232300575081j)	0.13190388679504395	72.54556
762	(5.8252576993032115-4.675342573725025j)	0.08678793907165527	72.64088
763	(6.40420304274862-4.423735421390356j)	0.10901904106140137	72.73621
764	(6.949069365857895-4.11039539785809j)	0.08914780616760254	72.83154
765	(7.449690605040581-3.727219465754738j)	0.0859980583190918	72.92687
766	(7.8973687353141955-3.281929650845608j)	0.11051416397094727	73.0222
767	(8.28576717269885-2.7850425826206227j)	0.08461594581604004	73.11752
768	(8.609077631065519-2.239560581705298j)	0.08843064308166504	73.21285
769	(8.859154365880787-1.6588436290159125j)	0.10734105110168457	73.30818
770	(9.034684729729912-1.0506220315208958j)	0.10080385208129883	73.40351
771	(9.13297656209485-0.42512822626899527j)	0.10941505432128906	73.49884
772	(9.150996472927343+0.20893582411435752j)	0.09262418746948242	73.59416
773	(9.088131961577167+0.8403024307158263j)	0.08774018287658691	73.68949
774	(8.944930329237867+1.465452282675949j)	0.10439491271972656	73.78482
775	(8.726854079390806+2.0552314587896334j)	0.0866250991821289	73.88015
776	(8.433767382346472+2.619338357323041j)	0.10733604431152344	73.97547
777	(8.071412088485161+3.14176568028206j)	0.08679819107055664	74.0708
778	(7.64809447152264+3.6151825633488985j)	0.08649325370788574	74.16613
779	(7.163634532416449+4.030216012943065j)	0.11155819892883301	74.26146
780	(6.632678206802084+4.381636104931814j)	0.0858461856842041	74.35679
781	(6.0604912967899045+4.662955284831713j)	0.08551025390625	74.45211
782	(5.457275918829645+4.869853971028729j)	0.09908080101013184	74.54744
783	(4.832415233485849+4.999965942872548j)	0.1368403434753418	74.64277
784	(4.196454438068455+5.047995605822248j)	0.12687993049621582	74.7381
785	(3.55923026055377+5.014099632843584j)	0.12688517570495605	74.83343
786	(2.9302544605692473+4.90334082166777j)	0.09580183029174805	74.92875
787	(2.320580354729085+4.712686404796384j)	0.10317516326904297	75.02408
788	(1.7396811884719579+4.446401275069005j)	0.08456778526306152	75.11941
789	(1.1970465190180062+4.107964516369871j)	0.0845639705657959	75.21474
790	(0.7009843030041781+3.7038987962962264j)	0.09971284866333008	75.31007
791	(0.26090782547677493+3.2400176757545487j)	0.0939328670501709	75.40539
792	(-0.11750724713442173+2.7241170694407986j)	0.08803391456604004	75.50072
793	(-0.4332370997261774+2.162506353821636j)	0.12195515632629395	75.59605
794	(-0.6648387624242466+1.5701066653557763j)	0.09532904624938965	75.69138
795	(-0.8248375102471422+0.949321423657078j)	0.13730502128601074	75.78671
796	(-0.9047254393790641+0.31407970174044053j)	0.09141683578491211	75.88203
797	(-0.9040975928212248-0.32764874162118773j)	0.08980512619018555	75.97736
798	(-0.8221985565309066-0.9617843155656263j)	0.10047578811645508	76.07269
799	(-0.6608137989959653-1.5823079858288163j)	0.08753705024719238	76.16802
800	(-0.4228467856149132-2.174931834879971j)	0.1310429573059082	76.26335
801	(-0.11006681748381131-2.736239120269j)	0.1262962818145752	76.35867
802	(0.271025293245154-3.2528027167057934j)	0.1341860294342041	76.454
803	(0.7135061509939926-3.716293903663441j)	0.11292290687561035	76.54933
804	(1.211720519631025-4.120124384057498j)	0.10107684135437012	76.64466
805	(1.7562976241272508-4.4578214516255805j)	0.09608078002929688	76.73998
806	(2.3387686794495064-4.724134639029302j)	0.08788728713989258	76.83531
807	(2.9518950946617353-4.913627203225555j)	0.13472199440002441	76.93064
808	(3.542771590460255-5.040139030845031j)	0.13560986518859863	77.02597
809	(4.223751260121384-5.054980336716116j)	0.1340618133544922	77.1213
810	(4.862837487198474-5.003885970959199j)	0.08650088310241699	77.21662
811	(5.4906358149652545-4.87363306833572j)	0.11224484443664551	77.31195
812	(6.095787557009177-4.663121586612927j)	0.09680724143981934	77.40728
813	(6.669932031472104-4.378741629876687j)	0.1135869026184082	77.50261
814	(7.203674858085419-4.023602988798681j)	0.11381721496582031	77.59794
815	(7.687111813275499-3.604354040386499j)	0.12291979789733887	77.69326
816	(8.11505983451054-3.126859310083665j)	0.10211300849914551	77.78859
817	(8.478210436436548-2.59924804473787j)	0.0993037223815918	77.88392
818	(8.77105498081228-2.030518477118737j)	0.10278677940368652	77.97925
819	(8.990984586589818-1.4288875864079644j)	0.09071207046508789	78.07458
820	(9.131415338347473-0.8043763093546494j)	0.10067296028137207	78.1699
821	(9.19365594775364-0.1680033198967399j)	0.0983130931854248	78.26523
822	(9.173633335667015+0.471538765197574j)	0.11963391304016113	78.36056
823	(9.073295276147954+1.102772008649045j)	0.09617114067077637	78.45589
824	(8.89331017177747+1.7160681855574083j)	0.10584402084350586	78.55122
825	(8.638484694848957+2.302069449763545j)	0.09056305885314941	78.64654
826	(8.310641298530177+2.850210054686396j)	0.11447691917419434	78.74187
827	(7.916936142529134+3.3529078986095286j)	0.09526610374450684	78.8372
828	(7.462067685761528+3.801034292867408j)	0.12234187126159668	78.93253
829	(6.957476320810526+4.181699506505365j)	0.1081080436706543	79.02786
830	(6.40311349455363+4.5076575646678885j)	0.0884549617767334	79.12318
831	(5.815176719634469+4.7547214120433186j)	0.09237504005432129	79.21851
832	(5.201054053202168+4.925032072865424j)	0.11877679824829102	79.31384
833	(4.571419179875084+5.017656225600096j)	0.09593701362609863	79.40917
834	(3.9352058019664593+5.0286820412108755j)	0.11827707290649414	79.50449
835	(3.302829755707434+4.959459498130491j)	0.08918190002441406	79.59982
836	(2.6817710027591293+4.816147992004224j)	0.08371400833129883	79.69515
837	(2.090564892108252+4.585380909960228j)	0.10892963409423828	79.79048
838	(1.5304642022203765+4.2871094875259566j)	0.08666586875915527	79.88581
839	(1.01223282604447+3.919926875117676j)	0.10342621803283691	79.98113
840	(0.5453133932127134+3.4905757764056355j)	0.08670282363891602	80.07646
841	(0.1365356214760982+3.0057856473413587j)	0.10802102088928223	80.17179
842	(-0.207513551698438+2.4745856116741525j)	0.10025215148925781	80.26712
843	(-0.4809504110241629+1.9034614644291776j)	0.08745384216308594	80.36245
844	(-0.6806010254731616+1.3035005358985647j)	0.11093497276306152	80.45777
845	(-0.8019325458932105+0.6825106136614862j)	0.09595608711242676	80.5531
846	(-0.8445406184310686+0.053028184245370036j)	0.10237002372741699	80.64843
847	(-0.8067327412015539-0.5771220303969918j)	0.13639402389526367	80.74376
848	(-0.6864669484520356-1.1949241242750663j)	0.09639978408813477	80.83909
849	(-0.49564351256001105-1.7962299751598882j)	0.08698081970214844	80.93441
850	(-0.22694860542470008-2.3656603325049197j)	0.08448290824890137	81.02974
851	(0.11129283541963386-2.8963615915743963j)	0.11290884017944336	81.12507
852	(0.5123115237680136-3.379672510236389j)	0.09123611450195312	81.2204
853	(0.9651733644807813-3.7958045978281687j)	0.10644698143005371	81.31573
854	(1.4811939253895359-4.174092813677712j)	0.08594202995300293	81.41105
855	(2.0324082186693917-4.473081948098214j)	0.10626935958862305	81.50638
856	(2.6161893079857808-4.699509773689937j)	0.08745217323303223	81.60171
857	(3.2235661619299614-4.850470626418623j)	0.0924689769744873	81.69704
858	(3.8445626565301856-4.922947163270677j)	0.08988499641418457	81.79237
859	(4.468593623498459-4.91669225131477j)	0.11134696006774902	81.88769
860	(5.086497643226411-4.831677333404184j)	0.0865328311920166	81.98302
861	(5.68795546949319-4.669146838123618j)	0.10880088806152344	82.07835
862	(6.263894978059138-4.432507832865825j)	0.09624886512756348	82.17368
863	(6.804207569723188-4.124988406454994j)	0.08414983749389648	82.269
864	(7.301043890844052-3.752536106621678j)	0.10338592529296875	82.36433
865	(7.746550410026824-3.3203403433383425j)	0.09183692932128906	82.45966
866	(8.133292839160477-2.836191355796701j)	0.0848078727722168	82.55499
867	(8.455124974416012-2.3072927658909292j)	0.08687591552734375	82.65032
868	(8.708410016410715-1.744056498464257j)	0.1323089599609375	82.74564
869	(8.886281804476525-1.1516974740454127j)	0.08493900299072266	82.84097
870	(8.9889821348809-0.5437739856267614j)	0.08759617805480957	82.9363
871	(9.01402548864718+0.07257688316024868j)	0.11454105377197266	83.03163
872	(8.960733711605798+0.6853132860067008j)	0.11428523063659668	83.12696
873	(8.830605778408323+1.2856812257065484j)	0.10224580764770508	83.22228
874	(8.626426627187309+1.8645086394575596j)	0.11684298515319824	83.31761
875	(8.35064284153434+2.4118164254862764j)	0.08966708183288574	83.41294
876	(8.008807099969376+2.9196655458337397j)	0.11950802803039551	83.50827
877	(7.60587122296267+3.3794017944665615j)	0.1324758529663086	83.6036
878	(7.148764908067559+3.7847077714847677j)	0.1083230972290039	83.69892
879	(6.643900050079818+4.129131191160743j)	0.11412692070007324	83.79425
880	(6.101775494819752+4.405378759223861j)	0.08761811256408691	83.88958
881	(5.5306551773768025+4.609585039751358j)	0.08761405944824219	83.98491
882	(4.938248429543076+4.741171935051389j)	0.10122084617614746	84.08024
883	(4.334216348664378+4.796977465175007j)	0.0881800651550293	84.17556
884	(3.729270415984593+4.775973133943522j)	0.10168075561523438	84.27089
885	(3.133066721641368+4.678312490030763j)	0.08377861976623535	84.36622
886	(2.554182921983466+4.506760820668111j)	0.08934712409973145	84.46155
887	(2.0032058389066156+4.264526652630398j)	0.12169313430786133	84.55688
888	(1.487224356391435+3.954699334833584j)	0.09830975532531738	84.6522
889	(1.0156566515131837+3.582742064570404j)	0.10381317138671875	84.74753
890	(0.5952029093746802+3.155149167129502j)	0.08455514907836914	84.84286
891	(0.232893888212792+2.6784437044721177j)	0.09344792366027832	84.93819
892	(-0.06599979114445165+2.161024941199454j)	0.1149449348449707	85.03351
893	(-0.2968867250556978+1.6107106506918727j)	0.09674501419067383	85.12884
894	(-0.45629665053514257+1.0368203906142248j)	0.11737608909606934	85.22417
895	(-0.539469138429946+0.4500858468171818j)	0.09953808784484863	85.3195
896	(-0.5523445352529481-0.14522592042477364j)	0.09887909889221191	85.41483
897	(-0.48977760317438523-0.7355232872008304j)	0.12479186058044434	85.51015
898	(-0.35015091807254445-1.3100365219337098j)	0.13969898223876953	85.60548
899	(-0.1414434329771347-1.86231070354023j)	0.0971519947052002	85.70081
900	(0.13485245113241895-2.3834743052123155j)	0.25226497650146484	85.79614
901	(0.47368875861336246-2.8648503908202496j)	0.13222193717956543	85.89147
902	(0.8703612948782784-3.29703426012221j)	0.11609292030334473	85.98679
903	(1.3170239677802436-3.6760121616995463j)	0.20728278160095215	86.08212
904	(1.8080726244514285-3.996244749713698j)	0.5574519634246826	86.17745
905	(2.332658240994985-4.249786501539261j)	0.20193910598754883	86.27278
906	(2.8851355849442673-4.437081297702996j)	0.13179397583007812	86.36811
907	(3.456235311050923-4.550956461262675j)	0.1355881690979004	86.46343
908	(4.035512096652326-4.592589299301505j)	0.10673093795776367	86.55876
909	(4.613869744792517-4.5613058489313145j)	0.0975039005279541	86.65409
910	(5.183074370364395-4.457009055989026j)	0.13410305976867676	86.74942
911	(5.732216706260328-4.281875363475176j)	0.1252598762512207	86.84475
912	(6.256003021239386-4.040705191382953j)	0.10773181915283203	86.94007
913	(6.7431767752509675-3.735415158393928j)	0.13129901885986328	87.0354
914	(7.185810541695162-3.3734805815146593j)	0.12122297286987305	87.13073
915	(7.580038507999897-2.9559575765902677j)	0.10675716400146484	87.22606
916	(7.9182975025148625-2.495951966112567j)	0.1266782283782959	87.32139
917	(8.194855771267138-1.9974846794448027j)	0.10602688789367676	87.41671
918	(8.405677506650031-1.469598368339052j)	0.10625171661376953	87.51204
919	(8.54794071104561-0.9196323715964114j)	0.10651111602783203	87.60737
920	(8.620793556317562-0.3576444126854428j)	0.11408400535583496	87.7027
921	(8.620800394162437+0.20669401452438496j)	0.08489298820495605	87.79802
922	(8.550831143592156+0.7661293766064361j)	0.10141897201538086	87.89335
923	(8.41166314528775+1.3111283144264516j)	0.08492898941040039	87.98868
924	(8.204471088824794+1.8328693507534215j)	0.0860753059387207	88.08401
925	(7.9320924939151825+2.3251123517942527j)	0.11574697494506836	88.17934
926	(7.605605834053382+2.775030958739833j)	0.08882999420166016	88.27466
927	(7.222335619669963+3.1807341784000345j)	0.08346009254455566	88.36999
928	(6.794704537427693+3.5344393351799397j)	0.10006499290466309	88.46532
929	(6.325824578630301+3.8306851074982253j)	0.1097719669342041	88.56065
930	(5.824407022736544+4.06482589576232j)	0.10783505439758301	88.65598
931	(5.298864897352641+4.2339729390031655j)	0.11762523651123047	88.7513
932	(4.757460122586712+4.335827376695895j)	0.09966707229614258	88.84663
933	(4.209124469096833+4.367771665353761j)	0.11956977844238281	88.94196
934	(3.6618594430416733+4.3305228590727625j)	0.10422801971435547	89.03729
935	(3.125773298819227+4.226336909135307j)	0.12008881568908691	89.13262
936	(2.6079441538394477+4.055337206902261j)	0.09663796424865723	89.22794
937	(2.117113295783186+3.821234532763824j)	0.0953071117401123	89.32327
938	(1.660702594788478+3.5280825807513834j)	0.10202598571777344	89.4186
939	(1.2452601335216267+3.181439192318428j)	0.08645915985107422	89.51393
940	(0.8782568780295302+2.78579813504254j)	0.11425375938415527	89.60926
941	(0.5647893184932128+2.348369003666621j)	0.0939168930053711	89.70458
942	(0.3086772372333153+1.876524239627401j)	0.09533071517944336	89.79991
943	(0.1145236628116082+1.3776340175914255j)	0.11082315444946289	89.89524
944	(-0.014882481438343087+0.8595696687931735j)	0.08913111686706543	89.99057
945	(-0.07807415011107646+0.33100518059503503j)	0.11072111129760742	90.0859
946	(-0.07457301349312269-0.19996889065205506j)	0.09052491188049316	90.18122
947	(-0.004857296527411625-0.7252814398820874j)	0.117279052734375	90.27655
948	(0.12980495287825633-1.2360790325720366j)	0.10637521743774414	90.37188
949	(0.32512771984558986-1.7268444208661433j)	0.09285306930541992	90.46721
950	(0.5838018520016844-2.18330564313984j)	0.11258101463317871	90.56253
951	(0.8928922019695695-2.6037418064011835j)	0.1169440746307373	90.65786
952	(1.254981326035543-2.983236054307649j)	0.09246397018432617	90.75319
953	(1.6576146671982115-3.312106019811946j)	0.08822011947631836	90.84852
954	(2.097969755112686-3.587268280151661j)	0.11284303665161133	90.94385
955	(2.568049438501068-3.8041885877539876j)	0.11083817481994629	91.03917
956	(3.0597650424230936-3.960825709152862j)	0.09584593772888184	91.1345
957	(3.566099816339439-4.053895480762664j)	0.11459207534790039	91.22983
958	(4.0783242204111785-4.083073053878319j)	0.10083889961242676	91.32516
959	(4.588850412948917-4.0478562259875925j)	0.15282726287841797	91.42049
960	(5.0888258585730854-3.9498089079438774j)	0.10636782646179199	91.51581
961	(5.572126011894239-3.7891297386585645j)	0.09660911560058594	91.61114
962	(6.029978343831857-3.57078306249642j)	0.09062623977661133	91.70647
963	(6.455237457143561-3.2975012814206597j)	0.11115813255310059	91.8018
964	(6.841044619575021-2.9751426727971273j)	0.13534188270568848	91.89713
965	(7.184072464522036-2.6063771243612326j)	0.09344005584716797	91.99245
966	(7.476582352503938-2.199953593563822j)	0.11702990531921387	92.08778
967	(7.715329516240587-1.761297246688835j)	0.10280513763427734	92.18311
968	(7.896574402237944-1.2986447277675497j)	0.11183619499206543	92.27844
969	(8.01897701337343-0.816614458654672j)	0.09513187408447266	92.37377
970	(8.07879825012526-0.3268133069716548j)	0.11535906791687012	92.46909
971	(8.077796096951984+0.16673806762161414j)	0.09697413444519043	92.56442
972	(8.015292437543792+0.6542041512188912j)	0.09602928161621094	92.65975
973	(7.89365680247591+1.1287962096499626j)	0.12091493606567383	92.75508
974	(7.7140650770572226+1.5813848382224167j)	0.09913086891174316	92.85041
975	(7.4771773798959895+2.008875773107515j)	0.11863493919372559	92.94573
976	(7.1927848487831145+2.4008126443914275j)	0.14101600646972656	93.04106
977	(6.862329784552487+2.7532003396642826j)	0.1444110870361328	93.13639
978	(6.491216085858026+3.0603585022100983j)	0.10574579238891602	93.23172
979	(6.086437729138406+3.319060429318501j)	0.08553814888000488	93.32704
980	(5.653830218293592+3.523773346269685j)	0.10033011436462402	93.42237
981	(5.200793970039596+3.6727723661685006j)	0.1568291187286377	93.5177
982	(4.734902799783664+3.7649206926270846j)	0.09904098510742188	93.61303
983	(4.2618421347872815+3.7963279545504487j)	0.11815905570983887	93.70836
984	(3.790448764120706+3.768798147631353j)	0.09738802909851074	93.80368
985	(3.3279637099575567+3.68358738801717j)	0.1611640453338623	93.89901
986	(2.880945105675388+3.5420547330476326j)	0.13861989974975586	93.99434
987	(2.4565992244338504+3.3466745745994038j)	0.0941321849822998	94.08967
988	(2.061244705576244+3.1008452015817083j)	0.12635397911071777	94.185
989	(1.7004370400209827+2.8082123196396767j)	0.14582419395446777	94.28032
990	(1.3807089097692196+2.4752297786927486j)	0.14798307418823242	94.37565
991	(1.106443460473518+2.107926311323271j)	0.10002684593200684	94.47098
992	(0.8792367029314049+1.7070059409399663j)	0.14752197265625	94.56631
993	(0.7047439864383173+1.2841115610847373j)	0.1986689567565918	94.66164
994	(0.5848588456142719+0.8446196586912731j)	0.11717605590820312	94.75696
995	(0.5203125326919436+0.39506489213997104j)	0.1537480354309082	94.85229
996	(0.5126033617481004-0.05704877459160618j)	0.12195897102355957	94.94762
997	(0.559993118118007-0.5053101736282352j)	0.09434390068054199	95.04295
998	(0.6626799093926732-0.9423001576971228j)	0.08156800270080566	95.13828
999	(0.8188309004914912-1.3625015182157925j)	0.08682012557983398	95.2336
