	res_adaptive	time_adaptive	w
0	(1.0030946019030103-0.0023896665296651762j)	0.12826013565063477	0.001
1	(1.0632896609097453-0.1681746234463137j)	0.1035609245300293	0.09633
2	(1.1186994814482603-0.2820919035741081j)	0.0928959846496582	0.19166
3	(1.1720906116199248-0.37844751060725895j)	0.08747506141662598	0.28698
4	(1.22498355542933-0.4647144996856513j)	0.11488699913024902	0.38231
5	(1.2783223011017244-0.5430026760541399j)	0.09536218643188477	0.47764
6	(1.33223679744155-0.6149588073871851j)	0.08795905113220215	0.57297
7	(1.3869281836562855-0.6810440904427735j)	0.09629392623901367	0.6683
8	(1.4421156356038023-0.7422434026623912j)	0.09561705589294434	0.76362
9	(1.49815678361687-0.7988581193174454j)	0.08457398414611816	0.85895
10	(1.5546723064665076-0.8509178023507054j)	0.08569025993347168	0.95428
11	(1.6115772268072233-0.8989744354554297j)	0.11046195030212402	1.04961
12	(1.6686769988086418-0.9430809544819027j)	0.08447885513305664	1.14494
13	(1.7259602095364535-0.9836403967378478j)	0.08286905288696289	1.24026
14	(1.7833843292400315-1.0207452530793735j)	0.10357785224914551	1.33559
15	(1.8405094125889423-1.0545507162560555j)	0.08653783798217773	1.43092
16	(1.8976024176906696-1.0853214900475692j)	0.12564706802368164	1.52625
17	(1.9543795679183726-1.1131900780914123j)	0.0846250057220459	1.62157
18	(2.010815021959327-1.1382954135632122j)	0.08590126037597656	1.7169
19	(2.0668113410573365-1.1607608445627156j)	0.08780312538146973	1.81223
20	(2.1223978572540765-1.1808671045998416j)	0.10533809661865234	1.90756
21	(2.1775606340925457-1.1985957686696083j)	0.09577488899230957	2.00289
22	(2.2321806530805484-1.2140297706044647j)	0.10932087898254395	2.09821
23	(2.286283977614134-1.2274809703069074j)	0.09089398384094238	2.19354
24	(2.339857374481872-1.2388830712452947j)	0.08470487594604492	2.28887
25	(2.3927127989312824-1.2483464869583099j)	0.11162281036376953	2.3842
26	(2.4451652380270326-1.2559482029694355j)	0.09090423583984375	2.47953
27	(2.4968658302411946-1.261811481456688j)	0.08357930183410645	2.57485
28	(2.548013183045585-1.2660693958750568j)	0.0943150520324707	2.67018
29	(2.598578708702421-1.2686224509589201j)	0.10521578788757324	2.76551
30	(2.6484906204575624-1.2696223199861347j)	0.08615398406982422	2.86084
31	(2.6977947119414236-1.2691927498064852j)	0.09446978569030762	2.95617
32	(2.746375330826812-1.2671907468546462j)	0.12215018272399902	3.05149
33	(2.7944261150514103-1.2639097317984693j)	0.09305071830749512	3.14682
34	(2.8417206118766947-1.2591692950349191j)	0.10628485679626465	3.24215
35	(2.8884137835444252-1.253174742707072j)	0.10222291946411133	3.33748
36	(2.934463688441711-1.2459210761854522j)	0.11162590980529785	3.43281
37	(2.9797877324011575-1.2373640097031153j)	0.10125994682312012	3.52813
38	(3.024422274969189-1.2277235264948798j)	0.1071481704711914	3.62346
39	(3.068399439760189-1.2167879920905162j)	0.09325385093688965	3.71879
40	(3.111751241518059-1.2048030645505163j)	0.10343503952026367	3.81412
41	(3.1543339957376477-1.191704326291243j)	0.09439325332641602	3.90945
42	(3.196220473744274-1.177526841018643j)	0.08760809898376465	4.00477
43	(3.2372285447426736-1.1621355480595907j)	0.09033393859863281	4.1001
44	(3.277893704935305-1.1460607430904874j)	0.10166025161743164	4.19543
45	(3.3176617617657156-1.1289095977643437j)	0.08504986763000488	4.29076
46	(3.356648627707036-1.110714967767225j)	0.09702277183532715	4.38608
47	(3.394917350353704-1.091674906442303j)	0.1257801055908203	4.48141
48	(3.4324827685358894-1.0716929657717031j)	0.08907794952392578	4.57674
49	(3.4692756437629715-1.0507919850550136j)	0.09242701530456543	4.67207
50	(3.505276124520564-1.029101858183982j)	0.09487700462341309	4.7674
51	(3.5406222222890507-1.0065508578925777j)	0.08538699150085449	4.86272
52	(3.575113650335493-0.9832271663815046j)	0.11301803588867188	4.95805
53	(3.608842890482853-0.9590537498962542j)	0.08286190032958984	5.05338
54	(3.641783781095011-0.9341440200307611j)	0.08348798751831055	5.14871
55	(3.673918632647554-0.9085195050041628j)	0.10453128814697266	5.24404
56	(3.7052870978013224-0.8823276284398888j)	0.0878300666809082	5.33936
57	(3.7359225441185577-0.8551334212913113j)	0.1091761589050293	5.43469
58	(3.7656926390820695-0.8273539985678768j)	0.0851891040802002	5.53002
59	(3.7946332246395853-0.7989998421703491j)	0.08494400978088379	5.62535
60	(3.8229388071773247-0.7700536976680221j)	0.0862278938293457	5.72068
61	(3.8500989648282573-0.7403626975683987j)	0.08911728858947754	5.816
62	(3.876569340321924-0.710141486585243j)	0.1040499210357666	5.91133
63	(3.9022715899458333-0.6793687214215572j)	0.0989840030670166	6.00666
64	(3.927098085073201-0.6480754598900844j)	0.10269999504089355	6.10199
65	(3.951072514567566-0.6162219419443083j)	0.08524298667907715	6.19732
66	(3.974213226552971-0.5838734675861031j)	0.09084677696228027	6.29264
67	(3.9964996108967306-0.5509984727486784j)	0.1052558422088623	6.38797
68	(4.017982490096409-0.5176675533342309j)	0.08870601654052734	6.4833
69	(4.038490853639584-0.48396820274114044j)	0.08405089378356934	6.57863
70	(4.058451780210714-0.44982753776406414j)	0.10432791709899902	6.67396
71	(4.077154710907559-0.4151327677058785j)	0.08441615104675293	6.76928
72	(4.095148019112403-0.3801712185969791j)	0.08967375755310059	6.86461
73	(4.112282005550278-0.34481024962501106j)	0.11937212944030762	6.95994
74	(4.1285299846081385-0.3090782784660556j)	0.08708310127258301	7.05527
75	(4.143961950189752-0.2730832167858558j)	0.12630391120910645	7.15059
76	(4.158454474229151-0.23671819873616595j)	0.0851898193359375	7.24592
77	(4.17210586138834-0.2001086435142528j)	0.11818194389343262	7.34125
78	(4.184851161357842-0.16321185045006248j)	0.09585714340209961	7.43658
79	(4.196712038156213-0.1260494142438437j)	0.08534693717956543	7.53191
80	(4.207750873624488-0.08865696751959878j)	0.10523509979248047	7.62723
81	(4.217872562649856-0.051078708655016986j)	0.09823322296142578	7.72256
82	(4.227131318045608-0.013241737299121065j)	0.1195518970489502	7.81789
83	(4.235475198045783+0.024722275722144138j)	0.10261201858520508	7.91322
84	(4.242941368519777+0.06286839388038899j)	0.08458089828491211	8.00855
85	(4.24954476309435+0.10114920046815319j)	0.11134696006774902	8.10387
86	(4.255284207760987+0.1395352130261044j)	0.08786892890930176	8.1992
87	(4.260136872065244+0.17807356489329615j)	0.10471868515014648	8.29453
88	(4.264001444502445+0.21655202288877118j)	0.09793734550476074	8.38986
89	(4.267167896654398+0.2553060532511206j)	0.08361697196960449	8.48519
90	(4.269026439129739+0.294093070805267j)	0.10202288627624512	8.58051
91	(4.270673735201846+0.3326760155751546j)	0.08387994766235352	8.67584
92	(4.271229187375453+0.37152048300167234j)	0.09161591529846191	8.77117
93	(4.27079361930115+0.4102590012449882j)	0.10489177703857422	8.8665
94	(4.269561120869068+0.4489808838917194j)	0.08872699737548828	8.96183
95	(4.2674698830623+0.48768377972193666j)	0.10173797607421875	9.05715
96	(4.2644708646785725+0.5263054754857356j)	0.08650708198547363	9.15248
97	(4.260658634765062+0.5648624152547119j)	0.0842747688293457	9.24781
98	(4.256017610879+0.6033002594550698j)	0.09297490119934082	9.34314
99	(4.250494797324896+0.6416880890990151j)	0.1102609634399414	9.43847
100	(4.2441056137787765+0.6798580183021323j)	0.0832059383392334	9.53379
101	(4.236952143891494+0.7179719287112455j)	0.08558797836303711	9.62912
102	(4.228914469131432+0.7559018815658453j)	0.10213875770568848	9.72445
103	(4.220081796282099+0.7936513806273828j)	0.092742919921875	9.81978
104	(4.2104108792583075+0.8312392741780138j)	0.08818292617797852	9.9151
105	(4.1999294118949475+0.8685382411563192j)	0.1051168441772461	10.01043
106	(4.188670444309331+0.9056890282317882j)	0.09253907203674316	10.10576
107	(4.176556584755693+0.9425863724880192j)	0.09045815467834473	10.20109
108	(4.163758303166967+0.9792670799815938j)	0.12845277786254883	10.29642
109	(4.1500233424314334+1.0155525071769942j)	0.10854983329772949	10.39174
110	(4.135586964597657+1.0516162351941638j)	0.0892789363861084	10.48707
111	(4.120392900192549+1.0873966571829214j)	0.11281991004943848	10.5824
112	(4.104404748675854+1.1229450299871686j)	0.0892496109008789	10.67773
113	(4.087641559825703+1.157950752938645j)	0.12010908126831055	10.77306
114	(4.070195629331896+1.1927344315231547j)	0.09010481834411621	10.86838
115	(4.05195871913501+1.2271325247316918j)	0.09479928016662598	10.96371
116	(4.03302857950226+1.2611751261003483j)	0.10769510269165039	11.05904
117	(4.0133317350095155+1.2948234363619762j)	0.08399200439453125	11.15437
118	(3.9929570764984867+1.3280269655091883j)	0.10639691352844238	11.2497
119	(3.9718917708810833+1.360870740291698j)	0.08848190307617188	11.34502
120	(3.950138048899703+1.3932237849141609j)	0.0819540023803711	11.44035
121	(3.9276386856320205+1.4251836061010283j)	0.10005712509155273	11.53568
122	(3.904495912244038+1.4566726273971249j)	0.08389782905578613	11.63101
123	(3.880698561903291+1.4876285223408525j)	0.09986591339111328	11.72634
124	(3.8562753831981507+1.5182154975670776j)	0.09038591384887695	11.82166
125	(3.8311600067683393+1.5482366379606445j)	0.082550048828125	11.91699
126	(3.8054636141616+1.577732943405704j)	0.09602713584899902	12.01232
127	(3.779123983098749+1.606751115385335j)	0.09150886535644531	12.10765
128	(3.752168686262458+1.6351633942324015j)	0.0850977897644043	12.20298
129	(3.7246360932877987+1.6631336332105107j)	0.08611893653869629	12.2983
130	(3.696509707648957+1.6905112696003037j)	0.10947513580322266	12.39363
131	(3.667836573047044+1.717280550475966j)	0.08212780952453613	12.48896
132	(3.638584765288294+1.7435128942221676j)	0.08411598205566406	12.58429
133	(3.6087855678704814+1.7691560951608416j)	0.09980607032775879	12.67961
134	(3.5784588159063393+1.794192594791576j)	0.08458590507507324	12.77494
135	(3.547687466746066+1.818662811539057j)	0.10202908515930176	12.87027
136	(3.516176363076708+1.8421962796393117j)	0.0912621021270752	12.9656
137	(3.484388917732885+1.8656053448899959j)	0.08437585830688477	13.06093
138	(3.4520295776052845+1.8881447094104966j)	0.12112593650817871	13.15625
139	(3.4192077868665653+1.9100087022673775j)	0.14733314514160156	13.25158
140	(3.385960477431986+1.9312820307781262j)	0.14432907104492188	13.34691
141	(3.352256303431485+1.9518322288323526j)	0.08607602119445801	13.44224
142	(3.318248236198951+1.9716759878665446j)	0.08379220962524414	13.53757
143	(3.2835442799204326+1.9909765459666553j)	0.0871739387512207	13.63289
144	(3.2486148654114864+2.009483832784559j)	0.1073768138885498	13.72822
145	(3.2132788187291395+2.027367306125365j)	0.08299398422241211	13.82355
146	(3.1776026255925216+2.044507077996853j)	0.08587503433227539	13.91888
147	(3.14148636903214+2.060952736493578j)	0.10116291046142578	14.01421
148	(3.1050494526368895+2.0766007154984774j)	0.08744621276855469	14.10953
149	(3.0683742518110693+2.0916311920908166j)	0.08629202842712402	14.20486
150	(3.0313089481797557+2.1059215096465436j)	0.09907722473144531	14.30019
151	(2.9939531832107913+2.1194487573077825j)	0.09088993072509766	14.39552
152	(2.956332011720044+2.1322357050844682j)	0.10071706771850586	14.49085
153	(2.9184163287508205+2.1442551555330858j)	0.09959077835083008	14.58617
154	(2.8802871841137043+2.155579122650085j)	0.08382701873779297	14.6815
155	(2.841890681202857+2.1661347702029974j)	0.0895850658416748	14.77683
156	(2.8032449360442766+2.1759089101423443j)	0.10440993309020996	14.87216
157	(2.764441351659576+2.184937954567215j)	0.08481097221374512	14.96749
158	(2.7254282983447022+2.1932145944613004j)	0.08478379249572754	15.06281
159	(2.6862469461847382+2.2006752678827044j)	0.10469293594360352	15.15814
160	(2.64687369960778+2.207440701237014j)	0.08355307579040527	15.25347
161	(2.6075017601637316+2.2135645005123044j)	0.08979296684265137	15.3488
162	(2.567748727558993+2.2184871731272175j)	0.10134410858154297	15.44412
163	(2.5280009018850125+2.22291504580353j)	0.08497095108032227	15.53945
164	(2.488191256747441+2.22650456665151j)	0.1006619930267334	15.63478
165	(2.448229287024524+2.2293443971826927j)	0.08321809768676758	15.73011
166	(2.4082081521424867+2.23136804708938j)	0.0893409252166748	15.82544
167	(2.3682020615194164+2.2326398112687413j)	0.09718799591064453	15.92076
168	(2.3280852667113114+2.233115830073806j)	0.10070300102233887	16.01609
169	(2.2879592602834915+2.2327931889951596j)	0.0843968391418457	16.11142
170	(2.2478736173126603+2.2317044495274083j)	0.09615111351013184	16.20675
171	(2.2077537489155428+2.2298082503273284j)	0.1052699089050293	16.30208
172	(2.167725576761753+2.227156071660546j)	0.08373022079467773	16.3974
173	(2.1276494148802394+2.2236951891419716j)	0.08638310432434082	16.49273
174	(2.0876642973451753+2.2194365100861995j)	0.10258293151855469	16.58806
175	(2.0477590634634195+2.2144305778677174j)	0.08319997787475586	16.68339
176	(2.0079300063419945+2.2086219920477554j)	0.08477377891540527	16.77872
177	(1.9682221342533885+2.202074148488768j)	0.09839797019958496	16.87404
178	(1.9286096863774493+2.1947281566618764j)	0.09749603271484375	16.96937
179	(1.889140343733545+2.1865830141659233j)	0.09890413284301758	17.0647
180	(1.849828572347679+2.1777018610795724j)	0.08498787879943848	17.16003
181	(1.8106547734541936+2.168054113589725j)	0.08295679092407227	17.25536
182	(1.77168648724049+2.157632373227596j)	0.09060096740722656	17.35068
183	(1.732899588397558+2.146456816203017j)	0.09981369972229004	17.44601
184	(1.6943221011760277+2.1345096588227936j)	0.08298397064208984	17.54134
185	(1.6559980950336264+2.121845548137505j)	0.08342194557189941	17.63667
186	(1.6178549857694247+2.1084143127631387j)	0.11372900009155273	17.732
187	(1.5800028824453722+2.094210261597317j)	0.08336687088012695	17.82732
188	(1.5424053929418962+2.079330156428264j)	0.0904090404510498	17.92265
189	(1.505095178066244+2.0636898368807755j)	0.10125613212585449	18.01798
190	(1.4683975618401741+2.0472834494499206j)	0.08408999443054199	18.11331
191	(1.4313496538145625+2.03026902797724j)	0.1055762767791748	18.20863
192	(1.39497441311918+2.0124585631419563j)	0.08427810668945312	18.30396
193	(1.3589477898938207+1.9939817011817307j)	0.09068799018859863	18.39929
194	(1.323240018870099+1.9747939966394739j)	0.09775519371032715	18.49462
195	(1.2880928222070511+1.9548347298134165j)	0.09282088279724121	18.58995
196	(1.2529487852754773+1.9343404765329186j)	0.08933591842651367	18.68527
197	(1.2184079941265817+1.9130766903460092j)	0.09333610534667969	18.7806
198	(1.1842599542713976+1.8911796551793219j)	0.1233367919921875	18.87593
199	(1.1504981375074739+1.8686128701294729j)	0.14765381813049316	18.97126
200	(1.1172013488213237+1.8453859591819923j)	0.13667917251586914	19.06659
201	(1.0843162113249551+1.8215090402618548j)	0.11645889282226562	19.16191
202	(1.051933284874747+1.797005095411728j)	0.12528300285339355	19.25724
203	(1.0200036857171677+1.7718917029783485j)	0.09829092025756836	19.35257
204	(0.9885209189053632+1.7461554081346795j)	0.0997922420501709	19.4479
205	(0.9575699366898395+1.7197967337632731j)	0.08503484725952148	19.54323
206	(0.9270993203610589+1.6928563205795866j)	0.11753487586975098	19.63855
207	(0.8971560726566852+1.665304413689652j)	0.09025406837463379	19.73388
208	(0.867723152357869+1.6372157078860916j)	0.08281660079956055	19.82921
209	(0.8388313448659138+1.608529844616375j)	0.09532475471496582	19.92454
210	(0.8104997412398478+1.5792783465502898j)	0.0904700756072998	20.01987
211	(0.782737602978718+1.5495340654148024j)	0.0869588851928711	20.11519
212	(0.7555627823543654+1.5192884255538874j)	0.08641910552978516	20.21052
213	(0.7289238905914469+1.4884211007060117j)	0.11353302001953125	20.30585
214	(0.7028527496458803+1.4570299462743739j)	0.08313655853271484	20.40118
215	(0.677501920902029+1.4253906710287307j)	0.0841672420501709	20.49651
216	(0.652618145712875+1.3928613656402615j)	0.09942030906677246	20.59183
217	(0.6283934358093679+1.360067343821035j)	0.08397984504699707	20.68716
218	(0.604822481745503+1.3267640374407343j)	0.0919179916381836	20.78249
219	(0.581873104864882+1.2930512550039293j)	0.1020958423614502	20.87782
220	(0.5595935350538703+1.2588919241812413j)	0.08427000045776367	20.97314
221	(0.5379529103090726+1.2243236086130203j)	0.0977330207824707	21.06847
222	(0.5169487123273022+1.189307863962721j)	0.08956122398376465	21.1638
223	(0.496660273478211+1.1538515073917366j)	0.08814382553100586	21.25913
224	(0.47698711594339116+1.1181344048862034j)	0.08661198616027832	21.35446
225	(0.45807250974085734+1.0819592415957136j)	0.09303617477416992	21.44978
226	(0.43982093115119814+1.0454382723035263j)	0.0827329158782959	21.54511
227	(0.42225076778885995+1.0085668840675628j)	0.08253216743469238	21.64044
228	(0.40540980703738544+0.9713060224130146j)	0.10015606880187988	21.73577
229	(0.3892844231809157+0.9338356635894852j)	0.09216475486755371	21.8311
230	(0.37383533852861806+0.8960144063327574j)	0.10285186767578125	21.92642
231	(0.35916077790290235+0.8579065333086531j)	0.08489799499511719	22.02175
232	(0.3450413240577252+0.8190141900313135j)	0.08404111862182617	22.11708
233	(0.33198012492641066+0.7808402455793308j)	0.0966331958770752	22.21241
234	(0.3193979628686495+0.7419307134232774j)	0.10350418090820312	22.30774
235	(0.30770798619491774+0.7027884494333118j)	0.08576297760009766	22.40306
236	(0.2967078923575977+0.6634495885054015j)	0.08529305458068848	22.49839
237	(0.2864848174923895+0.6238512849417913j)	0.10277080535888672	22.59372
238	(0.2769963538494018+0.5840886396295096j)	0.08092403411865234	22.68905
239	(0.26827877520945154+0.5441719054087308j)	0.08518695831298828	22.78438
240	(0.26027754513071+0.504042587591657j)	0.10446691513061523	22.8797
241	(0.253098906145353+0.4638080101284773j)	0.08293414115905762	22.97503
242	(0.2466573395374156+0.42344222206984433j)	0.10103201866149902	23.07036
243	(0.2409838760564998+0.3829308526993326j)	0.08701896667480469	23.16569
244	(0.23693302930998744+0.3430812282187071j)	0.08484601974487305	23.26102
245	(0.23200246332368943+0.3016449978708445j)	0.10276389122009277	23.35634
246	(0.22866730686853065+0.26088278591515673j)	0.09045004844665527	23.45167
247	(0.22612052576075123+0.22006836906453375j)	0.08199119567871094	23.547
248	(0.2243412871767359+0.17920591725941185j)	0.08201384544372559	23.64233
249	(0.2233461181689578+0.13833254815673376j)	0.10169601440429688	23.73765
250	(0.22312720769891234+0.09740578163002285j)	0.08286404609680176	23.83298
251	(0.22369406735600098+0.05653574817843293j)	0.0925908088684082	23.92831
252	(0.22503204609494934+0.01567318863167884j)	0.1002647876739502	24.02364
253	(0.22713222974258296-0.025162577090243724j)	0.08535599708557129	24.11897
254	(0.23006289541181804-0.06596669325535819j)	0.1054830551147461	24.21429
255	(0.23373365821711542-0.10670253007681618j)	0.0844268798828125	24.30962
256	(0.2381929997069259-0.1473573012356925j)	0.08914804458618164	24.40495
257	(0.24340261225345627-0.1879248156389419j)	0.09738397598266602	24.50028
258	(0.24941074071163558-0.2284455421961362j)	0.09155988693237305	24.59561
259	(0.25623813114135596-0.26871768725988937j)	0.08626317977905273	24.69093
260	(0.26374697767957833-0.3088843335399404j)	0.08363914489746094	24.78626
261	(0.27204886980861887-0.34895773339582953j)	0.10117363929748535	24.88159
262	(0.28112153048091093-0.3888166727869732j)	0.10052704811096191	24.97692
263	(0.2909616217994436-0.4285159590055473j)	0.08449816703796387	25.07225
264	(0.3015714837204119-0.46798419474074493j)	0.1024329662322998	25.16757
265	(0.3128409050696893-0.5073095357104466j)	0.0857701301574707	25.2629
266	(0.3249456260650778-0.5463628138192147j)	0.08736801147460938	25.35823
267	(0.3377748353982967-0.5851874721141236j)	0.10991311073303223	25.45356
268	(0.35135174944966596-0.6237605971768794j)	0.08538389205932617	25.54889
269	(0.36565439649348835-0.6620357858633683j)	0.09811782836914062	25.64421
270	(0.3806847425387979-0.7000745311999385j)	0.08629393577575684	25.73954
271	(0.3964271232938946-0.7378182931126991j)	0.08392477035522461	25.83487
272	(0.4128959696441107-0.7752050347630666j)	0.08698415756225586	25.9302
273	(0.4300417487741091-0.8122938949139437j)	0.10961580276489258	26.02553
274	(0.4479405596097158-0.8490455067025156j)	0.08937501907348633	26.12085
275	(0.4664785640317208-0.8854155846911034j)	0.08720898628234863	26.21618
276	(0.4857679391984385-0.9214871836989711j)	0.09927606582641602	26.31151
277	(0.5057267401239283-0.9571336750924365j)	0.08400201797485352	26.40684
278	(0.5263376428974041-0.9923978573552634j)	0.08933186531066895	26.50216
279	(0.5475638213385612-1.0273062180824497j)	0.10147690773010254	26.59749
280	(0.5695850475722366-1.061710394145528j)	0.08322930335998535	26.69282
281	(0.5921711246326409-1.095681731837357j)	0.09976696968078613	26.78815
282	(0.6154870969599824-1.1293341466138058j)	0.08434677124023438	26.88348
283	(0.6393198578500634-1.162453921189534j)	0.08900189399719238	26.9788
284	(0.6638288959507188-1.195118080530471j)	0.09319305419921875	27.07413
285	(0.688958190353107-1.2272822941185446j)	0.10106277465820312	27.16946
286	(0.7146846049621685-1.2589403477014862j)	0.0844109058380127	27.26479
287	(0.7410409814254113-1.2901766212599262j)	0.08396387100219727	27.36012
288	(0.7679529375987766-1.320856117239355j)	0.10527682304382324	27.45544
289	(0.7954793971366094-1.3510677694135989j)	0.09086823463439941	27.55077
290	(0.8235312630453522-1.3806360229995622j)	0.08515501022338867	27.6461
291	(0.852141438984606-1.4097085545442656j)	0.10050725936889648	27.74143
292	(0.8813109332653004-1.4382149729416898j)	0.08750009536743164	27.83676
293	(0.9110237293652772-1.4662183828467532j)	0.09853887557983398	27.93208
294	(0.9412792552180658-1.4935984626940353j)	0.08676695823669434	28.02741
295	(0.9720136459561467-1.5203749103019581j)	0.08138704299926758	28.12274
296	(1.0032925812862763-1.546573616221555j)	0.09475016593933105	28.21807
297	(1.0350013333252692-1.5721489927277883j)	0.08863615989685059	28.3134
298	(1.0672550783662595-1.59714543892811j)	0.08020305633544922	28.40872
299	(1.099959773285793-1.6215536738654088j)	0.08598017692565918	28.50405
300	(1.1330900651881057-1.6452111440588422j)	0.11233186721801758	28.59938
301	(1.1666883381479458-1.6682978358983918j)	0.08220767974853516	28.69471
302	(1.2007418694297816-1.6907680523692268j)	0.08224797248840332	28.79004
303	(1.2351682456973578-1.7125006556393856j)	0.09618520736694336	28.88536
304	(1.2700310619481872-1.733608961358254j)	0.08359217643737793	28.98069
305	(1.305274210455961-1.7540518783969459j)	0.10599184036254883	29.07602
306	(1.3408990162489833-1.7738047320075871j)	0.09485507011413574	29.17135
307	(1.3769158296809372-1.7928645915200028j)	0.0819399356842041	29.26667
308	(1.4132648590642218-1.811194277633464j)	0.08385086059570312	29.362
309	(1.4499452095195946-1.8289019856110522j)	0.09725022315979004	29.45733
310	(1.4869505827827256-1.8458586055726174j)	0.08237123489379883	29.55266
311	(1.5242448431440794-1.8620845414846194j)	0.08941221237182617	29.64799
312	(1.5619262176033555-1.8776328008035823j)	0.1042623519897461	29.74331
313	(1.5998249393658461-1.8924190267242076j)	0.08137798309326172	29.83864
314	(1.6379991180697469-1.9064971990986654j)	0.09794473648071289	29.93397
315	(1.6765110015699425-1.9198984889088226j)	0.08072137832641602	30.0293
316	(1.7151743914689865-1.932260506447946j)	0.08481812477111816	30.12463
317	(1.7539980809581048-1.9442848239852841j)	0.08673310279846191	30.21995
318	(1.7931871299903994-1.9553623928591026j)	0.09777998924255371	30.31528
319	(1.83260531071894-1.96568313689874j)	0.08988690376281738	30.41061
320	(1.8722460645529815-1.975336905831405j)	0.08114981651306152	30.50594
321	(1.911772934796877-1.9841111896412051j)	0.09977889060974121	30.60127
322	(1.9516175923929509-1.9922272372999923j)	0.0897531509399414	30.69659
323	(1.9915787459921463-1.9994757926427198j)	0.08224201202392578	30.79192
324	(2.0316908329507597-2.0060217972757437j)	0.0961310863494873	30.88725
325	(2.0719872008748075-2.011787109309978j)	0.0817878246307373	30.98258
326	(2.112260237288109-2.016750015769064j)	0.09379005432128906	31.07791
327	(2.1526610712344936-2.0209587384459065j)	0.09137606620788574	31.17323
328	(2.1931888138949436-2.0243815420726525j)	0.08041596412658691	31.26856
329	(2.234007023457526-2.0270597662119156j)	0.08439493179321289	31.36389
330	(2.2742731045478193-2.0289228903706458j)	0.11719107627868652	31.45922
331	(2.3148593578827397-2.0299845463942545j)	0.07985877990722656	31.55455
332	(2.3554749004581303-2.0303231339677255j)	0.08344101905822754	31.64987
333	(2.3960653944773425-2.0298444290003137j)	0.1059730052947998	31.7452
334	(2.4365836088006-2.0286114024721913j)	0.08089494705200195	31.84053
335	(2.4771984175926347-2.0265789895209996j)	0.09415912628173828	31.93586
336	(2.5176641450267336-2.0237806097707356j)	0.08391809463500977	32.03118
337	(2.5580793710619503-2.020211627493455j)	0.08070707321166992	32.12651
338	(2.5984423491396265-2.015844941963719j)	0.08101415634155273	32.22184
339	(2.6387140703747116-2.0107345687384486j)	0.1025688648223877	32.31717
340	(2.6787947119109234-2.004840464074259j)	0.08048009872436523	32.4125
341	(2.7188323850854044-1.998163597375349j)	0.08165621757507324	32.50782
342	(2.7586911631778266-1.9907455856586946j)	0.09911298751831055	32.60315
343	(2.798421201226352-1.9825353337715834j)	0.08296585083007812	32.69848
344	(2.837964719628304-1.9735794117526484j)	0.0880739688873291	32.79381
345	(2.8773273462054423-1.9638731304964365j)	0.09423708915710449	32.88914
346	(2.9164968208690136-1.953381766867341j)	0.08132815361022949	32.98446
347	(2.9554579965848973-1.9421839747009477j)	0.08055567741394043	33.07979
348	(2.9941358220351577-1.9302108397738278j)	0.09921526908874512	33.17512
349	(3.032637102128697-1.9175339067880794j)	0.08081698417663574	33.27045
350	(3.0708696781530866-1.9040889611752883j)	0.08948898315429688	33.36578
351	(3.1088499149667816-1.8899098684792561j)	0.10017514228820801	33.4611
352	(3.1465340865288614-1.8750196687316332j)	0.08196210861206055	33.55643
353	(3.1838962656201693-1.859406380050085j)	0.0984640121459961	33.65176
354	(3.2208889521161335-1.8430991523185063j)	0.08740401268005371	33.74709
355	(3.25773356361353-1.826091870502676j)	0.09634089469909668	33.84242
356	(3.2941137795835056-1.8083713298252266j)	0.08364391326904297	33.93774
357	(3.330180070842396-1.789870433909872j)	0.09955668449401855	34.03307
358	(3.365878755265455-1.770753405785721j)	0.07845902442932129	34.1284
359	(3.4011413471534944-1.7509763558707567j)	0.08355283737182617	34.22373
360	(3.4361153964654143-1.7304898560784587j)	0.09873700141906738	34.31906
361	(3.4706994606230217-1.7093198444296678j)	0.08722257614135742	34.41438
362	(3.5047104048534425-1.6875300862345104j)	0.09709906578063965	34.50971
363	(3.5384061233230533-1.6651122870426756j)	0.08350801467895508	34.60504
364	(3.5716638426496954-1.6420055225794674j)	0.08016490936279297	34.70037
365	(3.604882201398949-1.6183039430346393j)	0.08375024795532227	34.79569
366	(3.636746342001208-1.593925293648501j)	0.10634613037109375	34.89102
367	(3.668517580197066-1.568924574727183j)	0.10873699188232422	34.98635
368	(3.700038067787892-1.5433495845229572j)	0.08734297752380371	35.08168
369	(3.7307716924100145-1.5172336229987864j)	0.09918999671936035	35.17701
370	(3.7611210345595385-1.4904636248402097j)	0.08039021492004395	35.27233
371	(3.790944741744148-1.4632375203121115j)	0.09855294227600098	35.36766
372	(3.8202273865004264-1.4352596113489229j)	0.09262895584106445	35.46299
373	(3.848989936763503-1.4068234021703334j)	0.09987783432006836	35.55832
374	(3.8771527830494916-1.3777601220813942j)	0.08119797706604004	35.65365
375	(3.9047937164423656-1.3483049131670275j)	0.0805509090423584	35.74897
376	(3.9319203678594556-1.3182745070046369j)	0.09178304672241211	35.8443
377	(3.9583006435108348-1.2876461972528213j)	0.09428882598876953	35.93963
378	(3.984159908873813-1.2565878391760532j)	0.08065295219421387	36.03496
379	(4.009455064375792-1.2250082890226923j)	0.07977008819580078	36.13029
380	(4.0340452969614775-1.1929974728765578j)	0.10093903541564941	36.22561
381	(4.058112730847403-1.1604791764301001j)	0.08207893371582031	36.32094
382	(4.081524308593945-1.1275966178346182j)	0.08371806144714355	36.41627
383	(4.104244375943123-1.094118977121467j)	0.0943300724029541	36.5116
384	(4.126374861021666-1.0602953507029644j)	0.08724713325500488	36.60693
385	(4.147802808549597-1.026070512454766j)	0.10126209259033203	36.70225
386	(4.168596747110546-0.9914205893184891j)	0.08843708038330078	36.79758
387	(4.188710346643403-0.9562939408770211j)	0.08053779602050781	36.89291
388	(4.208141885719869-0.9208987663214843j)	0.0838778018951416	36.98824
389	(4.2268857832604105-0.8851292893679992j)	0.10095715522766113	37.08357
390	(4.244967038858434-0.8490165691870187j)	0.08844685554504395	37.17889
391	(4.262308868882864-0.8124798127112299j)	0.08211302757263184	37.27422
392	(4.278964754228286-0.7756670017602482j)	0.09789109230041504	37.36955
393	(4.294867458887557-0.7385252555563728j)	0.08228182792663574	37.46488
394	(4.310128575972618-0.701164417463995j)	0.08830809593200684	37.5602
395	(4.324628213095002-0.6634642993271578j)	0.09524917602539062	37.65553
396	(4.338510145945463-0.6254877307177132j)	0.08453607559204102	37.75086
397	(4.351420317919471-0.5872641004922468j)	0.08165812492370605	37.84619
398	(4.363704451734549-0.5487874598579235j)	0.10075092315673828	37.94152
399	(4.375240981262318-0.5100652842006677j)	0.08322787284851074	38.03684
400	(4.386104348633462-0.4711138512178893j)	0.09391999244689941	38.13217
401	(4.396129333216508-0.43206917720628635j)	0.0990598201751709	38.2275
402	(4.405407265202825-0.3927183361824833j)	0.08216023445129395	38.32283
403	(4.413985068616639-0.35326713109209373j)	0.09244275093078613	38.41816
404	(4.421821303955902-0.31364330786497285j)	0.08765387535095215	38.51348
405	(4.428794298071654-0.2738407905135197j)	0.08441591262817383	38.60881
406	(4.4350526813025315-0.2339204002573696j)	0.08308768272399902	38.70414
407	(4.44053251317013-0.1939425941404207j)	0.10417604446411133	38.79947
408	(4.445259392044179-0.15383688000999485j)	0.07846403121948242	38.8948
409	(4.449184118391039-0.11363932873235272j)	0.08271288871765137	38.99012
410	(4.452314966715771-0.07333758499183018j)	0.09865117073059082	39.08545
411	(4.454740375608001-0.033075309425786736j)	0.0876772403717041	39.18078
412	(4.456376514726455+0.007269982220415194j)	0.09653568267822266	39.27611
413	(4.457187748521664+0.04765439953604811j)	0.08442974090576172	39.37144
414	(4.457287475259825+0.0880944100949681j)	0.07977890968322754	39.46676
415	(4.456555024797051+0.12841947137240495j)	0.0820920467376709	39.56209
416	(4.455071867436547+0.1687551059579464j)	0.10084724426269531	39.65742
417	(4.452825706716964+0.20907869183155758j)	0.08375287055969238	39.75275
418	(4.449754276843334+0.24939656600863702j)	0.08317685127258301	39.84808
419	(4.44594673789914+0.28954205006851874j)	0.09769105911254883	39.9434
420	(4.4413898138588355+0.32968381815153236j)	0.08277487754821777	40.03873
421	(4.436010556837575+0.36972264204673433j)	0.09639620780944824	40.13406
422	(4.42987896773183+0.4096247874501722j)	0.09386181831359863	40.22939
423	(4.422983817175495+0.4494042639801125j)	0.08197212219238281	40.32471
424	(4.415323442869121+0.4890629573540902j)	0.09063410758972168	40.42004
425	(4.4069182507226845+0.5285552100758106j)	0.09874916076660156	40.51537
426	(4.397808833929565+0.5678910334629899j)	0.08010196685791016	40.6107
427	(4.387868338803774+0.607048932508446j)	0.08145785331726074	40.70603
428	(4.377132926194061+0.6459864101690498j)	0.10421013832092285	40.80135
429	(4.365692180427676+0.6847408616431052j)	0.08290290832519531	40.89668
430	(4.353537984073672+0.7232296921584355j)	0.09894275665283203	40.99201
431	(4.340649688215528+0.7615180498762384j)	0.08195924758911133	41.08734
432	(4.32699381334478+0.7995726355778727j)	0.08046293258666992	41.18267
433	(4.3126223058455375+0.8373053224500989j)	0.09141802787780762	41.27799
434	(4.2975170232766535+0.8747283042227398j)	0.10354995727539062	41.37332
435	(4.2817086692939075+0.9119841434332081j)	0.08057904243469238	41.46865
436	(4.264799752473269+0.9489656422435992j)	0.08025288581848145	41.56398
437	(4.247809518957016+0.9854274686159139j)	0.09526824951171875	41.65931
438	(4.230039556574923+1.021554114067972j)	0.08037805557250977	41.75463
439	(4.211442831400074+1.0573873906036868j)	0.09542393684387207	41.84996
440	(4.192186729480828+1.0928529842295274j)	0.08881306648254395	41.94529
441	(4.172095889494498+1.128006233012343j)	0.08096003532409668	42.04062
442	(4.151497935049603+1.1627560853520054j)	0.08152413368225098	42.13595
443	(4.130160371337242+1.1970239540644418j)	0.10245299339294434	42.23127
444	(4.108147305280539+1.2309670845247913j)	0.08356380462646484	42.3266
445	(4.085566370429444+1.2644392167589305j)	0.08884620666503906	42.42193
446	(4.062262074394132+1.2974554969215364j)	0.09778475761413574	42.51726
447	(4.038371006306832+1.3300805181359776j)	0.08168697357177734	42.61259
448	(4.0138742897081885+1.3622002912199538j)	0.09597897529602051	42.70791
449	(3.988748130407324+1.3938420004089895j)	0.08314704895019531	42.80324
450	(3.963010457252297+1.4249965894596581j)	0.08520007133483887	42.89857
451	(3.9366273568479975+1.4556930561215073j)	0.08575606346130371	42.9939
452	(3.909781482692095+1.4858339946012702j)	0.09876513481140137	43.08922
453	(3.881769649099653+1.5156725256887327j)	0.07915997505187988	43.18455
454	(3.854199439016244+1.5445402886107165j)	0.0830531120300293	43.27988
455	(3.8254913737752854+1.5730432685890932j)	0.09740591049194336	43.37521
456	(3.7965514066477937+1.601190006653208j)	0.08847498893737793	43.47054
457	(3.766750653208215+1.6285568218391633j)	0.09865498542785645	43.56586
458	(3.736597880800828+1.6554815003143157j)	0.08392810821533203	43.66119
459	(3.7058848276294083+1.6817362633142188j)	0.08036470413208008	43.75652
460	(3.6746434560054206+1.7074484749591878j)	0.08031511306762695	43.85185
461	(3.6429396522465134+1.7325506138991318j)	0.1010749340057373	43.94718
462	(3.6107474627125984+1.7570213755609676j)	0.08509707450866699	44.0425
463	(3.578109222129971+1.7809103872878138j)	0.08255314826965332	44.13783
464	(3.544984449336828+1.804116500129666j)	0.09663176536560059	44.23316
465	(3.5114269970330865+1.8267272781324961j)	0.08220577239990234	44.32849
466	(3.4775401366568706+1.8486880147172984j)	0.09422111511230469	44.42382
467	(3.443130290243146+1.8699353354186539j)	0.09960007667541504	44.51914
468	(3.408347812228016+1.890605907709199j)	0.08197808265686035	44.61447
469	(3.373113994158564+1.910587022688239j)	0.08310174942016602	44.7098
470	(3.3375374213232254+1.929838315956946j)	0.09858179092407227	44.80513
471	(3.3016387176376267+1.9484621445154067j)	0.07765889167785645	44.90046
472	(3.265370660976675+1.966380112002114j)	0.08134078979492188	44.99578
473	(3.228755526676699+1.9835973614070421j)	0.09537792205810547	45.09111
474	(3.1917959354862306+2.0001030236909694j)	0.08973813056945801	45.18644
475	(3.154546263917467+2.0158904993553235j)	0.09321069717407227	45.28177
476	(3.1169733850153576+2.030992319585166j)	0.08807992935180664	45.3771
477	(3.079155561846579+2.045335058981438j)	0.08083677291870117	45.47242
478	(3.0410348768016306+2.0591040271141425j)	0.08123993873596191	45.56775
479	(3.0027089706536105+2.071913875469029j)	0.10257601737976074	45.66308
480	(2.9640666609989186+2.084067229854101j)	0.07959508895874023	45.75841
481	(2.9253185910065036+2.0954155641943246j)	0.0829470157623291	45.85373
482	(2.886212661829353+2.106202510426419j)	0.09644222259521484	45.94906
483	(2.8468250491240266+2.1160796055544906j)	0.08106303215026855	46.04439
484	(2.8075047114173546+2.125311472470946j)	0.08389401435852051	46.13972
485	(2.7678814058755368+2.1337845966688196j)	0.0979299545288086	46.23505
486	(2.7281709187725607+2.1413769018016104j)	0.08186912536621094	46.33037
487	(2.688233245182674+2.1483111123598935j)	0.08266496658325195	46.4257
488	(2.6482311779603944+2.1544357594971433j)	0.09669876098632812	46.52103
489	(2.6080814198704654+2.159808272754561j)	0.08205795288085938	46.61636
490	(2.5677945215143843+2.165165567705413j)	0.08634591102600098	46.71169
491	(2.5276231800231805+2.1681312802675086j)	0.09116005897521973	46.80701
492	(2.487133081156109+2.171306535938188j)	0.08508920669555664	46.90234
493	(2.446643555196464+2.1735963493627417j)	0.08199715614318848	46.99767
494	(2.406147325716375+2.1750874963485956j)	0.09655404090881348	47.093
495	(2.365758056478171+2.1759253057663233j)	0.07749080657958984	47.18833
496	(2.32552968303627+2.1755722049791926j)	0.09042787551879883	47.28365
497	(2.2846809800901555+2.174988864860529j)	0.10001611709594727	47.37898
498	(2.244199171333055+2.1733901243033142j)	0.08099007606506348	47.47431
499	(2.2037372630327634+2.1710224428903753j)	0.09397768974304199	47.56964
500	(2.163214356178718+2.167711945068845j)	0.08566403388977051	47.66497
501	(2.1230000938618914+2.1639758335450323j)	0.09341788291931152	47.76029
502	(2.0825699027955302+2.159089127159745j)	0.08686995506286621	47.85562
503	(2.0425949709044393+2.153892116049825j)	0.09135103225708008	47.95095
504	(2.002477055183963+2.147530637742503j)	0.07840585708618164	48.04628
505	(1.9624808151178068+2.140714891184014j)	0.08103179931640625	48.14161
506	(1.9227897541059191+2.1329131412279874j)	0.09619808197021484	48.23693
507	(1.883176483548939+2.1244229436579993j)	0.08714890480041504	48.33226
508	(1.843701694368064+2.115164245337594j)	0.09494805335998535	48.42759
509	(1.8037713331294318+2.1062813056735243j)	0.0878608226776123	48.52292
510	(1.765311999300073+2.0944151491073737j)	0.08152079582214355	48.61824
511	(1.7264343785500358+2.0828513850059265j)	0.08225679397583008	48.71357
512	(1.687792994752884+2.0706548998503957j)	0.09952402114868164	48.8089
513	(1.6493655842075419+2.0576762773440627j)	0.08418393135070801	48.90423
514	(1.6112189759476438+2.0439594630854288j)	0.08434367179870605	48.99956
515	(1.5742502799259672+2.0274158979803762j)	0.09365606307983398	49.09488
516	(1.5357151421200441+2.0143128805060195j)	0.08051514625549316	49.19021
517	(1.498380318906908+1.9984615388403417j)	0.09157609939575195	49.28554
518	(1.4613700179918871+1.9818502082442269j)	0.09150409698486328	49.38087
519	(1.4253444361112988+1.9645246783325405j)	0.08123016357421875	49.4762
520	(1.3882478975791812+1.9465804866417822j)	0.08326292037963867	49.57152
521	(1.352366195765186+1.9278155540025956j)	0.10101699829101562	49.66685
522	(1.3167463857141672+1.908533741651485j)	0.0810539722442627	49.76218
523	(1.2814100240728032+1.8884121933395264j)	0.08207583427429199	49.85751
524	(1.2465121896047222+1.8678310164828602j)	0.09154605865478516	49.95284
525	(1.2120957633529907+1.8463087457904772j)	0.08702278137207031	50.04816
526	(1.177980825538219+1.824279355160152j)	0.09296584129333496	50.14349
527	(1.1443567016132912+1.801591591420879j)	0.08540797233581543	50.23882
528	(1.1112719510788573+1.77813523067497j)	0.0844871997833252	50.33415
529	(1.0783766708946625+1.7542950517515172j)	0.08035111427307129	50.42948
530	(1.0461109160767337+1.72972188410336j)	0.10355472564697266	50.5248
531	(1.0142929130699125+1.7045303733921542j)	0.08069205284118652	50.62013
532	(0.9829697284101304+1.6787396246567194j)	0.08280014991760254	50.71546
533	(0.9521238314924911+1.652325623141957j)	0.09300088882446289	50.81079
534	(0.9218116407534269+1.6254370995595302j)	0.08710813522338867	50.90612
535	(0.8920054999649747+1.5978042420714753j)	0.08903193473815918	51.00144
536	(0.8628228798321689+1.5695072009084714j)	0.09876203536987305	51.09677
537	(0.8339980497461714+1.5410117747129588j)	0.08016014099121094	51.1921
538	(0.8058439661956533+1.511806462384724j)	0.08568811416625977	51.28743
539	(0.7781836410832748+1.4820156843258063j)	0.09662604331970215	51.38276
540	(0.7511372593288048+1.4517702331865276j)	0.08069491386413574	51.47808
541	(0.7244546710532471+1.4211635265072158j)	0.0863490104675293	51.57341
542	(0.6988160553069039+1.3896934473338785j)	0.09251976013183594	51.66874
543	(0.673590049457099+1.3579111495270777j)	0.08577084541320801	51.76407
544	(0.6488864547859172+1.3256513918526263j)	0.08314919471740723	51.85939
545	(0.6248182301020169+1.2929569144948292j)	0.0993499755859375	51.95472
546	(0.6014079496991377+1.2597844873931985j)	0.0834360122680664	52.05005
547	(0.5788392166545782+1.2261991181453138j)	0.09005427360534668	52.14538
548	(0.5564916665725945+1.1921063040786122j)	0.09798502922058105	52.24071
549	(0.5350195704039477+1.1576477119301336j)	0.08207893371582031	52.33603
550	(0.5141932422028636+1.1227803193234442j)	0.0835728645324707	52.43136
551	(0.49400362412680504+1.0875679337428088j)	0.09286665916442871	52.52669
552	(0.47455883613110567+1.0519056708854808j)	0.09362292289733887	52.62202
553	(0.4557633869104081+1.015907681610247j)	0.09249305725097656	52.71735
554	(0.4376539190415316+0.9795609396929394j)	0.08628106117248535	52.81267
555	(0.42026443496320454+0.9428593045116276j)	0.07825565338134766	52.908
556	(0.4035576271618468+0.9058193547366528j)	0.08074617385864258	53.00333
557	(0.3875069821996381+0.8685416155015853j)	0.09679007530212402	53.09866
558	(0.3723098677075627+0.8308558324685098j)	0.08746004104614258	53.19399
559	(0.3577200389759391+0.7929610550715808j)	0.09513998031616211	53.28931
560	(0.34387798678020476+0.7547763576496087j)	0.08259797096252441	53.38464
561	(0.33076486805489225+0.716345586868601j)	0.07952570915222168	53.47997
562	(0.3184366787307972+0.6775943301377652j)	0.08095717430114746	53.5753
563	(0.3068103635738039+0.6387107017702854j)	0.09795212745666504	53.67063
564	(0.2959436245817457+0.599599739948922j)	0.08701324462890625	53.76595
565	(0.2858361313364911+0.5602738588271261j)	0.08298397064208984	53.86128
566	(0.2763846189491897+0.5207411165759587j)	0.09645414352416992	53.95661
567	(0.26776328050822334+0.4810305725202538j)	0.08130097389221191	54.05194
568	(0.25991298945060837+0.4412336116865565j)	0.09207487106323242	54.14727
569	(0.2529024698635095+0.40115160604745725j)	0.10072207450866699	54.24259
570	(0.28576606920643643+0.3922183880275126j)	0.08044314384460449	54.33792
571	(0.24104131860287958+0.32064551976558775j)	0.08022403717041016	54.43325
572	(0.2360797385415272+0.280486496169822j)	0.09882497787475586	54.52858
573	(0.2320245480214279+0.24009566821799583j)	0.07910275459289551	54.6239
574	(0.22876526847656012+0.1995538127729207j)	0.08102703094482422	54.71923
575	(0.22626532013868839+0.15905783487046377j)	0.09107804298400879	54.81456
576	(0.2245325829196972+0.11854249070851561j)	0.08772087097167969	54.90989
577	(0.22359671159331534+0.07783902997528373j)	0.09145498275756836	55.00522
578	(0.2234139618749839+0.0372323082290406j)	0.08672595024108887	55.10054
579	(0.22392384043540678-0.002785559930044368j)	0.07846307754516602	55.19587
580	(0.22555953547731514-0.04414691567438548j)	0.08064794540405273	55.2912
581	(0.22759054037131174-0.08455963820549077j)	0.09057426452636719	55.38653
582	(0.23050299546573383-0.1250215242413466j)	0.08709478378295898	55.48186
583	(0.23421381908435107-0.16551757429217634j)	0.09038519859313965	55.57718
584	(0.23867592250139383-0.2058713828811783j)	0.08773589134216309	55.67251
585	(0.24389945144386435-0.24616885803430588j)	0.0829620361328125	55.76784
586	(0.2500018494037656-0.28629974676631853j)	0.08123183250427246	55.86317
587	(0.25668130679097223-0.3264162704760017j)	0.10052204132080078	55.9585
588	(0.264223646717186-0.3662908589212949j)	0.08143496513366699	56.05382
589	(0.2725096776230058-0.4060677405548167j)	0.09386682510375977	56.14915
590	(0.2815716080488862-0.4456860426336657j)	0.09505724906921387	56.24448
591	(0.29136836936664223-0.48508919592296934j)	0.0819709300994873	56.33981
592	(0.30191423441372045-0.5243403601131472j)	0.09565114974975586	56.43514
593	(0.313193253891479-0.5633157400052008j)	0.08746790885925293	56.53046
594	(0.325241639198787-0.6021068987725422j)	0.08290910720825195	56.62579
595	(0.3380386738239095-0.6407020911193166j)	0.07976794242858887	56.72112
596	(0.35156165204198964-0.679006120151977j)	0.09909725189208984	56.81645
597	(0.3657993581027488-0.7170521404416592j)	0.08057689666748047	56.91178
598	(0.38076156124329663-0.7547753337301764j)	0.09492826461791992	57.0071
599	(0.3962841357859679-0.7905497792597436j)	0.09675407409667969	57.10243
600	(0.41283133493916346-0.8294343623002058j)	0.08072018623352051	57.19776
601	(0.4299598798937251-0.8662362907236882j)	0.09261107444763184	57.29309
602	(0.44765220693025665-0.9027810154437956j)	0.08578681945800781	57.38841
603	(0.4662294073898865-0.9389755069977918j)	0.09113717079162598	57.48374
604	(0.4854421385082438-0.9747395116810307j)	0.0804901123046875	57.57907
605	(0.5052981842917856-1.0101871254757984j)	0.09983205795288086	57.6744
606	(0.5258176068414843-1.0451906561075301j)	0.07938718795776367	57.76973
607	(0.5470114424484236-1.0797840245596648j)	0.08214211463928223	57.86505
608	(0.568820501708021-1.1140624240684733j)	0.09332394599914551	57.96038
609	(0.5913308903139426-1.1478648424354847j)	0.08815312385559082	58.05571
610	(0.6145956813628612-1.1812470593521454j)	0.09381103515625	58.15104
611	(0.6382620259538196-1.2141525960074928j)	0.08738398551940918	58.24637
612	(0.662651012966108-1.2466361773356933j)	0.0830228328704834	58.34169
613	(0.6876701133071284-1.2786213863938067j)	0.08218598365783691	58.43702
614	(0.713274250519476-1.3101151206255175j)	0.09856009483337402	58.53235
615	(0.7395297987990251-1.3411916159265544j)	0.0873258113861084	58.62768
616	(0.7662930416556164-1.3716766196356625j)	0.08068203926086426	58.72301
617	(0.7936431868018008-1.401641003300016j)	0.09067273139953613	58.81833
618	(0.8215772465812919-1.431098463433867j)	0.08605313301086426	58.91366
619	(0.8500426705147326-1.4600341252828144j)	0.0928792953491211	59.00899
620	(0.8791227187729427-1.4883960195703478j)	0.0926358699798584	59.10432
621	(0.9087189746628708-1.516163849807825j)	0.0794529914855957	59.19965
622	(0.9388608040891901-1.5434962066407465j)	0.08264899253845215	59.29497
623	(0.9694364745619959-1.570102111793959j)	0.1005859375	59.3903
624	(1.0005283246199888-1.596223638221495j)	0.0831611156463623	59.48563
625	(1.0321525623006247-1.6216499882194433j)	0.09495306015014648	59.58096
626	(1.0642535830084447-1.6465195300035513j)	0.08733224868774414	59.67629
627	(1.0967924222898744-1.6707400000737223j)	0.08105111122131348	59.77161
628	(1.1298798503098904-1.6944283831072788j)	0.08870387077331543	59.86694
629	(1.1632719459948277-1.7173492293175303j)	0.09467625617980957	59.96227
630	(1.197132029657448-1.739687759303087j)	0.0780642032623291	60.0576
631	(1.2314912059015493-1.7613765065965143j)	0.08024024963378906	60.15292
632	(1.2661073895157258-1.7824101682460858j)	0.10070991516113281	60.24825
633	(1.3012758444049726-1.8027516387684852j)	0.0816347599029541	60.34358
634	(1.3367788495551003-1.8224452321031144j)	0.09204816818237305	60.43891
635	(1.3726340815650464-1.8414738377492907j)	0.11416482925415039	60.53424
636	(1.4088589201070638-1.859786075398855j)	0.10054135322570801	60.62956
637	(1.4453617963559993-1.8772614026762857j)	0.10497093200683594	60.72489
638	(1.4823691717480683-1.8942944754625488j)	0.08175182342529297	60.82022
639	(1.5194877810687206-1.9105535917199734j)	0.09145903587341309	60.91555
640	(1.5569860833157363-1.9260799482731217j)	0.08735394477844238	61.01088
641	(1.5947761636076179-1.940821352835198j)	0.08149003982543945	61.1062
642	(1.6328093434691962-1.954838234869641j)	0.07936310768127441	61.20153
643	(1.6711539569354539-1.9681927473133172j)	0.10208415985107422	61.29686
644	(1.7097436596883595-1.9807685248525355j)	0.08220791816711426	61.39219
645	(1.7485036101995086-1.9926440263756915j)	0.08228206634521484	61.48752
646	(1.7875500480383495-2.003747595621654j)	0.1317272186279297	61.58284
647	(1.8268037381422122-2.014168589032461j)	0.10370612144470215	61.67817
648	(1.8662045250198485-2.0237490113498744j)	0.09850907325744629	61.7735
649	(1.9057740922176665-2.0325969405539412j)	0.07941389083862305	61.86883
650	(1.945539198899901-2.0406577271690747j)	0.08726310729980469	61.96416
651	(1.985401737296978-2.0480085042830742j)	0.09551000595092773	62.05948
652	(2.025433556549501-2.0545886951647483j)	0.08196830749511719	62.15481
653	(2.0652624171692944-2.0603237179060145j)	0.08568000793457031	62.25014
654	(2.1058423790896073-2.0654173854669695j)	0.09659314155578613	62.34547
655	(2.146199982359939-2.0696938606834365j)	0.07973599433898926	62.4408
656	(2.186721331324128-2.072946283136689j)	0.07978081703186035	62.53612
657	(2.2270389411130873-2.0759256451015515j)	0.0962057113647461	62.63145
658	(2.267531651140269-2.0778943467630278j)	0.08259201049804688	62.72678
659	(2.3080929561743-2.0790525717522925j)	0.08666491508483887	62.82211
660	(2.34859295797302-2.07942240198434j)	0.09068584442138672	62.91743
661	(2.389158117195846-2.079071205143669j)	0.08664178848266602	63.01276
662	(2.429714481782115-2.077916147187546j)	0.08077478408813477	63.10809
663	(2.4703114837742026-2.075945678128417j)	0.09500741958618164	63.20342
664	(2.5106806737692597-2.073302213457462j)	0.0804600715637207	63.29875
665	(2.5510682501230653-2.0698151775898093j)	0.08948397636413574	63.39407
666	(2.5914144460244986-2.0656361663257896j)	0.0977790355682373	63.4894
667	(2.6314968655417386-2.0609723929173533j)	0.0819101333618164	63.58473
668	(2.6717586791051207-2.054806699838215j)	0.09198284149169922	63.68006
669	(2.7117571060920396-2.048271336672701j)	0.08596515655517578	63.77539
670	(2.75164733876858-2.0409758459793523j)	0.09109282493591309	63.87071
671	(2.7913716679741647-2.032844278237974j)	0.08404397964477539	63.96604
672	(2.8309253363346127-2.02410867132451j)	0.09903788566589355	64.06137
673	(2.8703355605476846-2.0145214536958047j)	0.08015680313110352	64.1567
674	(2.9095302994878476-2.0042368549968024j)	0.08202171325683594	64.25203
675	(2.9485020745773665-1.9931250562084168j)	0.09483790397644043	64.34735
676	(2.9872628013502873-1.9813163561443057j)	0.0894918441772461	64.44268
677	(3.0258330508236817-1.968783348763575j)	0.09264278411865234	64.53801
678	(3.0641160818743205-1.9554563906846267j)	0.08587479591369629	64.63334
679	(3.102164208005902-1.9414731764934754j)	0.07980895042419434	64.72867
680	(3.139892324629635-1.92671513005144j)	0.0800929069519043	64.82399
681	(3.177358937611723-1.911246128716686j)	0.10573697090148926	64.91932
682	(3.2144925663036643-1.895061625026505j)	0.08832883834838867	65.01465
683	(3.2513616738140896-1.8782081460014703j)	0.0824739933013916	65.10998
684	(3.2879001819535816-1.8605291315959696j)	0.09475994110107422	65.20531
685	(3.3240399243531114-1.8423512413600802j)	0.08112096786499023	65.30063
686	(3.359870478217378-1.8233178600431494j)	0.09111618995666504	65.39596
687	(3.395195014879862-1.8036881945686234j)	0.09309697151184082	65.49129
688	(3.4303709641402635-1.783429259121354j)	0.07845807075500488	65.58662
689	(3.465021687170114-1.7624429897991765j)	0.08437395095825195	65.68194
690	(3.499232456883421-1.7407612613593886j)	0.09602093696594238	65.77727
691	(3.533090583870222-1.7185230334566322j)	0.08018684387207031	65.8726
692	(3.5665363220223076-1.695587044052072j)	0.0818471908569336	65.96793
693	(3.5994829944740827-1.6720014608393532j)	0.09186887741088867	66.06326
694	(3.6319923148534667-1.6477908241376125j)	0.08685493469238281	66.15858
695	(3.6640200588755754-1.6230145159556821j)	0.08499503135681152	66.25391
696	(3.6955773598979773-1.5976002916346483j)	0.09621191024780273	66.34924
697	(3.726624664745413-1.5715918926737147j)	0.07710123062133789	66.44457
698	(3.7571771170638604-1.544981926727012j)	0.08152914047241211	66.5399
699	(3.787189855619645-1.5177906784538548j)	0.10158991813659668	66.63522
700	(3.8166911006696482-1.4900052872946195j)	0.08144187927246094	66.73055
701	(3.8457417699035723-1.4617930513893962j)	0.09282112121582031	66.82588
702	(3.87407745734071-1.4329128995264302j)	0.08574104309082031	66.92121
703	(3.9020026156855354-1.4034806302971579j)	0.08216381072998047	67.01654
704	(3.9292833926842263-1.3735564781798435j)	0.08826494216918945	67.11186
705	(3.9560640246996033-1.3431493361725018j)	0.1118309497833252	67.20719
706	(3.982223788126341-1.312196647845756j)	0.08387875556945801	67.30252
707	(4.007715973228954-1.280758116422437j)	0.07958602905273438	67.39785
708	(4.032602920891339-1.2489473340945554j)	0.09520292282104492	67.49318
709	(4.056955913401131-1.216457187332415j)	0.07973885536193848	67.5885
710	(4.08069270994158-1.183600043163657j)	0.10196399688720703	67.68383
711	(4.103735052098209-1.1503277849970346j)	0.08397483825683594	67.77916
712	(4.12610964241803-1.1165714125958324j)	0.08001089096069336	67.87449
713	(4.147948343099799-1.0823848256424615j)	0.08192110061645508	67.96982
714	(4.16899445192858-1.0473374285848178j)	0.10853886604309082	68.06514
715	(4.189489723297892-1.0129244706118543j)	0.0993490219116211	68.16047
716	(4.209377956916775-0.9775764336571635j)	0.08814501762390137	68.2558
717	(4.228176077761247-0.9419029024339265j)	0.09945392608642578	68.35113
718	(4.24679072438158-0.9057610306930115j)	0.08132600784301758	68.44645
719	(4.264490088234766-0.8693816677511939j)	0.09546709060668945	68.54178
720	(4.281513347518286-0.8326445758313552j)	0.08077526092529297	68.63711
721	(4.297839823304741-0.7955768308577704j)	0.10145020484924316	68.73244
722	(4.313484569404152-0.7581440164178661j)	0.08201718330383301	68.82777
723	(4.328336050321273-0.720539536345552j)	0.08147311210632324	68.92309
724	(4.34236677064475-0.6823525298334636j)	0.08229875564575195	69.01842
725	(4.355859391763885-0.6444029878609083j)	0.09926199913024902	69.11375
726	(4.368635475249762-0.6059111941186315j)	0.08284211158752441	69.20908
727	(4.380833934924926-0.5670090553834346j)	0.09010004997253418	69.30441
728	(4.39179100167591-0.5283528216046194j)	0.09730100631713867	69.39973
729	(4.402192478283669-0.48927740647080875j)	0.08153009414672852	69.49506
730	(4.411974336554966-0.4499328913741867j)	0.0945432186126709	69.59039
731	(4.4209458890596185-0.41045360915964335j)	0.08377432823181152	69.68572
732	(4.429160700240387-0.3707871593163141j)	0.08760786056518555	69.78105
733	(4.436591728548662-0.33098098487275496j)	0.08226513862609863	69.87637
734	(4.443322789308483-0.2910773646864353j)	0.10329079627990723	69.9717
735	(4.44925718646577-0.2510926302737253j)	0.08316516876220703	70.06703
736	(4.454385383654303-0.21088165455366403j)	0.08189606666564941	70.16236
737	(4.45880035797846-0.17063733535476855j)	0.09697890281677246	70.25769
738	(4.462386952604048-0.1302839086285945j)	0.09192991256713867	70.35301
739	(4.465289945959292-0.0897962844245006j)	0.09889101982116699	70.44834
740	(4.467323128809679-0.04946883459996321j)	0.08102202415466309	70.54367
741	(4.468663345792016-0.008998327050551369j)	0.08018875122070312	70.639
742	(4.46913631271427+0.03154000436323434j)	0.08023285865783691	70.73433
743	(4.468864525020133+0.07202386214555445j)	0.09763693809509277	70.82965
744	(4.467877001958879+0.11247999912008j)	0.08644413948059082	70.92498
745	(4.466066011296045+0.15295827634010006j)	0.08260202407836914	71.02031
746	(4.463558173046778+0.19334253995619788j)	0.09553790092468262	71.11564
747	(4.460163514371644+0.2336993664836986j)	0.08114004135131836	71.21096
748	(4.456055069627304+0.27397793419106153j)	0.09293293952941895	71.30629
749	(4.4511710790160075+0.31421417155238385j)	0.09224915504455566	71.40162
750	(4.445542149787713+0.35428650078933854j)	0.0801091194152832	71.49695
751	(4.439120996783326+0.39430587446676646j)	0.07872891426086426	71.59228
752	(4.4319883049670326+0.43407273697399185j)	0.09838986396789551	71.6876
753	(4.423993991480338+0.47381231230302867j)	0.08048200607299805	71.78293
754	(4.415297907033094+0.513377048065512j)	0.08477210998535156	71.87826
755	(4.4058430017685515+0.5527501525263256j)	0.09561896324157715	71.97359
756	(4.395670700877037+0.591907061458463j)	0.08358192443847656	72.06892
757	(4.384673162530339+0.6309410261782195j)	0.09065890312194824	72.16424
758	(4.372983154222216+0.6696653416553383j)	0.08684396743774414	72.25957
759	(4.360580854682339+0.7082366197807457j)	0.07856321334838867	72.3549
760	(4.347393941575138+0.7465106017249917j)	0.08130192756652832	72.45023
761	(4.333507868592452+0.784554261299846j)	0.09722089767456055	72.54556
762	(4.318891903942996+0.8223262205367328j)	0.0811619758605957	72.64088
763	(4.303533829152789+0.8597849927903514j)	0.0918431282043457	72.73621
764	(4.287504525435614+0.8969538817421989j)	0.09369683265686035	72.83154
765	(4.2707006862470465+0.9338099395678984j)	0.07869791984558105	72.92687
766	(4.253259274833297+0.9704148052466233j)	0.08080792427062988	73.0222
767	(4.235094403648078+1.0065646879768357j)	0.10284590721130371	73.11752
768	(4.216250548943133+1.0423940549949267j)	0.07957100868225098	73.21285
769	(4.1966591548905745+1.0777844980242723j)	0.0828709602355957	73.30818
770	(4.176478628144083+1.1129570643397468j)	0.09685707092285156	73.40351
771	(4.15562793620286+1.1476769214910212j)	0.08153176307678223	73.49884
772	(4.134116779043855+1.1819818759770575j)	0.09717178344726562	73.59416
773	(4.111916190041565+1.21583752029209j)	0.08954095840454102	73.68949
774	(4.089086013000238+1.2493060434477017j)	0.07933211326599121	73.78482
775	(4.0656152053161+1.282321326895j)	0.08017897605895996	73.88015
776	(4.041540800102568+1.3148539431460602j)	0.09670114517211914	73.97547
777	(4.016855652784255+1.3469651604540513j)	0.07929229736328125	74.0708
778	(3.9914984914281133+1.3785828513776133j)	0.08632278442382812	74.16613
779	(3.965582379932629+1.4097001397520597j)	0.09347724914550781	74.26146
780	(3.9391092155361442+1.4403079902085345j)	0.08867526054382324	74.35679
781	(3.9119789637271642+1.470407502320739j)	0.09229326248168945	74.45211
782	(3.88431949117307+1.5000335372866134j)	0.08491015434265137	74.54744
783	(3.85594569353501+1.528637221826848j)	0.0822000503540039	74.64277
784	(3.8268128476194074+1.5575800334546073j)	0.08586788177490234	74.7381
785	(3.79783078188935+1.5853244910653506j)	0.0971219539642334	74.83343
786	(3.768124628058729+1.6130023422537931j)	0.08192682266235352	74.92875
787	(3.7378065925926633+1.639749598772846j)	0.08164668083190918	75.02408
788	(3.7069314379133385+1.6659813728356179j)	0.08980011940002441	75.11941
789	(3.6755767406752127+1.6916303426433268j)	0.09102320671081543	75.21474
790	(3.6437613428054596+1.7166510311195637j)	0.08439326286315918	75.31007
791	(3.611475850293202+1.7411338966728032j)	0.09938883781433105	75.40539
792	(3.5786472968880716+1.7648741441860727j)	0.07773494720458984	75.50072
793	(3.5454262903606573+1.7880720113398245j)	0.0828409194946289	75.59605
794	(3.5117507388165943+1.8105937760378867j)	0.09604668617248535	75.69138
795	(3.4776563660424333+1.8324871081226421j)	0.0885307788848877	75.78671
796	(3.4431360690423523+1.8536906289587702j)	0.0918269157409668	75.88203
797	(3.408483403694559+1.873765049422341j)	0.08574819564819336	75.97736
798	(3.3728376260405235+1.8946116895642995j)	0.0806128978729248	76.07269
799	(3.3372190981318917+1.9136045259401833j)	0.08132076263427734	76.16802
800	(3.3012631521088536+1.9319270072696577j)	0.09641599655151367	76.26335
801	(3.26487456188945+1.9497542939916517j)	0.08744120597839355	76.35867
802	(3.2278057520962493+1.966350106443083j)	0.08262491226196289	76.454
803	(3.191108953919142+1.9833518680666011j)	0.09586834907531738	76.54933
804	(3.1537694606476627+1.9990409424450117j)	0.08277177810668945	76.64466
805	(3.1161535730014296+2.0140564490805266j)	0.09143209457397461	76.73998
806	(3.0782107066344007+2.0283570896955405j)	0.10220789909362793	76.83531
807	(3.0400329876225465+2.0419609921487765j)	0.0809319019317627	76.93064
808	(3.0016136987860795+2.054775219174929j)	0.0804288387298584	77.02597
809	(2.962884650533874+2.066951961802493j)	0.10086417198181152	77.1213
810	(2.924032999480054+2.0782121404953218j)	0.0784909725189209	77.21662
811	(2.884890240990991+2.088819620295972j)	0.08163619041442871	77.31195
812	(2.845596999262981+2.098669996509274j)	0.098175048828125	77.40728
813	(2.8062952839739466+2.1082137224733626j)	0.08084464073181152	77.50261
814	(2.7664484160219427+2.116165873158306j)	0.09230303764343262	77.59794
815	(2.7266625310652666+2.123793756139775j)	0.08802199363708496	77.69326
816	(2.6866964108166496+2.1305950777552303j)	0.08533000946044922	77.78859
817	(2.6466165503553354+2.1366588476865442j)	0.08339190483093262	77.88392
818	(2.6064561498806618+2.1420172028282973j)	0.10452699661254883	77.97925
819	(2.5661405803024286+2.1464786613772358j)	0.08025717735290527	78.07458
820	(2.5258214053821297+2.150272506823334j)	0.08059501647949219	78.1699
821	(2.4853700207939635+2.153253197845882j)	0.09245896339416504	78.26523
822	(2.4462641922539374+2.15399592763747j)	0.08403587341308594	78.36056
823	(2.404421341816537+2.156954745058993j)	0.08411383628845215	78.45589
824	(2.3638624779619435+2.157608213897399j)	0.09582114219665527	78.55122
825	(2.3233202565414355+2.1575261203066867j)	0.0789041519165039	78.64654
826	(2.282793882416759+2.156635031475764j)	0.09027981758117676	78.74187
827	(2.242276550949931+2.155007059701239j)	0.09475517272949219	78.8372
828	(2.201831674982973+2.15260684888357j)	0.08588194847106934	78.93253
829	(2.1614195269359904+2.149373858103302j)	0.09189295768737793	79.02786
830	(2.1209287313886644+2.145454553026728j)	0.09555673599243164	79.12318
831	(2.0807990343593685+2.1406926995983238j)	0.08231186866760254	79.21851
832	(2.040776226828837+2.1355861968508307j)	0.09087204933166504	79.31384
833	(2.000545660701346+2.128950858641483j)	0.09202694892883301	79.40917
834	(1.9606416325532787+2.12190031256464j)	0.08559989929199219	79.50449
835	(1.9208573851101973+2.1140928371276644j)	0.08859395980834961	79.59982
836	(1.881283695151206+2.1054508301410344j)	0.10219192504882812	79.69515
837	(1.841742253384647+2.096247141137166j)	0.08150982856750488	79.79048
838	(1.8022441355670038+2.0854185324065835j)	0.0841219425201416	79.88581
839	(1.7633990438534561+2.0754081842999073j)	0.10172414779663086	79.98113
840	(1.7245487739461738+2.0638073532267773j)	0.09453511238098145	80.07646
841	(1.6859235179235368+2.0515557315010007j)	0.09965324401855469	80.17179
842	(1.647520711373705+2.0385442151383906j)	0.08381080627441406	80.26712
843	(1.6093943665247805+2.0248393221525434j)	0.08430719375610352	80.36245
844	(1.5714163639477756+2.0102858211610855j)	0.0975637435913086	80.45777
845	(1.5338579017737304+1.9951659434223175j)	0.09307479858398438	80.5531
846	(1.4965574315351315+1.9792240564437302j)	0.08351802825927734	80.64843
847	(1.4595805415444714+1.9625904935796217j)	0.08136177062988281	80.74376
848	(1.4229888774327197+1.94533886912039j)	0.10124897956848145	80.83909
849	(1.3865529620565862+1.9272338629812498j)	0.08092308044433594	80.93441
850	(1.3506068971994045+1.908492823051049j)	0.08205318450927734	81.02974
851	(1.314973347797955+1.8891315591389284j)	0.08634519577026367	81.12507
852	(1.2797149025698837+1.8690464857371956j)	0.09479117393493652	81.2204
853	(1.244882859062131+1.8483020400029653j)	0.08322000503540039	81.31573
854	(1.2104302253229773+1.8269138589082679j)	0.09603691101074219	81.41105
855	(1.176388834199864+1.8048369208979123j)	0.07757782936096191	81.50638
856	(1.142793228494266+1.782136802474211j)	0.08377480506896973	81.60171
857	(1.109603016012877+1.7587905879175856j)	0.0990910530090332	81.69704
858	(1.0768216529493417+1.7347718039345361j)	0.0841820240020752	81.79237
859	(1.0446618248225135+1.7102085712659127j)	0.09172725677490234	81.88769
860	(1.012818939183212+1.685018643918863j)	0.08774662017822266	81.98302
861	(0.9815829627175106+1.659281110991857j)	0.0824580192565918	82.07835
862	(0.9507518583774162+1.632857731961365j)	0.08095288276672363	82.17368
863	(0.9204878383700507+1.6058300095602447j)	0.10293292999267578	82.269
864	(0.8907051101620815+1.5782927703418963j)	0.07903790473937988	82.36433
865	(0.8614189400303802+1.550167889853764j)	0.08100318908691406	82.45966
866	(0.8327595543725712+1.5215061749938155j)	0.09487104415893555	82.55499
867	(0.8046179280538377+1.4923206107701017j)	0.07965302467346191	82.65032
868	(0.7770490241852093+1.4625370352870375j)	0.08196711540222168	82.74564
869	(0.7500498377535727+1.4323259055353803j)	0.09647417068481445	82.84097
870	(0.7235816494702647+1.4014935515398994j)	0.07916903495788574	82.9363
871	(0.6977597711473238+1.3702096133668096j)	0.08132791519165039	83.03163
872	(0.6725233187560432+1.3384641605652998j)	0.09598278999328613	83.12696
873	(0.6479101926331503+1.306217008129524j)	0.08253693580627441	83.22228
874	(0.6238599314748283+1.273544187830093j)	0.10227203369140625	83.31761
875	(0.6010107524661623+1.239752543654784j)	0.09044981002807617	83.41294
876	(0.5777850340282172+1.2067830528844457j)	0.08049488067626953	83.50827
877	(0.5556633219072388+1.172706101298662j)	0.09501266479492188	83.6036
878	(0.5341663526973157+1.1382428194005525j)	0.09385299682617188	83.69892
879	(0.5134472129030258+1.1034409056693746j)	0.09353017807006836	83.79425
880	(0.49335492372639234+1.068209474595681j)	0.09010100364685059	83.88958
881	(0.47377276977101346+1.0331121020495806j)	0.1033473014831543	83.98491
882	(0.4551645810261974+0.9965081862644268j)	0.08252692222595215	84.08024
883	(0.4370952750993792+0.9602333771745304j)	0.08725404739379883	84.17556
884	(0.4197018260412853+0.9236281945698435j)	0.09604811668395996	84.27089
885	(0.40301493547086775+0.886624367507441j)	0.0879509449005127	84.36622
886	(0.38710816388454+0.8493809468953811j)	0.10041999816894531	84.46155
887	(0.3718185498283305+0.8117352873957062j)	0.08143210411071777	84.55688
888	(0.35729296283814527+0.7738314214788323j)	0.07933163642883301	84.6522
889	(0.3434855741551866+0.7356918386892624j)	0.08122372627258301	84.74753
890	(0.33042665362705903+0.6973010988134939j)	0.10161018371582031	84.84286
891	(0.31807290760605744+0.6586355010028081j)	0.0865628719329834	84.93819
892	(0.3064838484179158+0.6197804397903586j)	0.08172798156738281	85.03351
893	(0.2956146950949173+0.5806451948408299j)	0.10217404365539551	85.12884
894	(0.28552534645776395+0.5413765201737719j)	0.08325886726379395	85.22417
895	(0.2761669485264741+0.5018837209321108j)	0.11667990684509277	85.3195
896	(0.2675645118097154+0.4622003797235889j)	0.09251689910888672	85.41483
897	(0.2597719403587333+0.4222990424953926j)	0.0965719223022461	85.51015
898	(0.25266063868452937+0.3824030021049868j)	0.08727765083312988	85.60548
899	(0.2463267998664868+0.3423871122001806j)	0.09416818618774414	85.70081
900	(0.24074892292766176+0.30219843317119477j)	0.09436202049255371	85.79614
901	(0.2359410425881391+0.26192402458540065j)	0.09017491340637207	85.89147
902	(0.2319770368310572+0.22150403015148912j)	0.10077309608459473	85.98679
903	(0.22872667957578557+0.1810601490307315j)	0.0809319019317627	86.08212
904	(0.22624640505236518+0.1405570093733336j)	0.08121800422668457	86.17745
905	(0.224550238122978+0.10002359977058825j)	0.09865283966064453	86.27278
906	(0.22363297098850235+0.059444656141171545j)	0.0837099552154541	86.36811
907	(0.22348156303333586+0.018889076134988206j)	0.09299492835998535	86.46343
908	(0.22410232390474688-0.021687005912972762j)	0.10127902030944824	86.55876
909	(0.22549707991641063-0.06224434954536026j)	0.08416223526000977	86.65409
910	(0.2276711625912882-0.10275162250377289j)	0.10002827644348145	86.74942
911	(0.23063836790930858-0.14324538862573394j)	0.08179616928100586	86.84475
912	(0.23433115365578197-0.18360540357870161j)	0.09084296226501465	86.94007
913	(0.23881891949835884-0.22395350110934473j)	0.0853281021118164	87.0354
914	(0.24417865805403424-0.26416799436659033j)	0.09441900253295898	87.13073
915	(0.2500445198143333-0.3044632349500677j)	0.07965683937072754	87.22606
916	(0.25685303791836656-0.3443592637379773j)	0.08122014999389648	87.32139
917	(0.26436364376029686-0.38422890123400505j)	0.0980379581451416	87.41671
918	(0.2726809921198494-0.42391783647911746j)	0.08767199516296387	87.51204
919	(0.28164139344325856-0.4631461025004453j)	0.09772920608520508	87.60737
920	(0.29158637722815905-0.5028841761639441j)	0.08205223083496094	87.7027
921	(0.302118122699171-0.5420279012398038j)	0.08021712303161621	87.79802
922	(0.31343180994697506-0.5810011558001238j)	0.08153295516967773	87.89335
923	(0.3255082522319617-0.6198040394657797j)	0.10117912292480469	87.98868
924	(0.3382429504635306-0.6582949285615319j)	0.08553099632263184	88.08401
925	(0.35170400311487016-0.6965167558394733j)	0.08300495147705078	88.17934
926	(0.36600282006193435-0.7345055560970727j)	0.09566426277160645	88.27466
927	(0.3809214568073608-0.7722438244553559j)	0.08112120628356934	88.36999
928	(0.3966717457408333-0.8096519488461705j)	0.09128499031066895	88.46532
929	(0.4131178189419818-0.846741288106189j)	0.09690499305725098	88.56065
930	(0.43016824058752673-0.8835561259994824j)	0.08263492584228516	88.65598
931	(0.4479382468660935-0.9200277132908524j)	0.08098292350769043	88.7513
932	(0.4664403250164729-0.956165700984387j)	0.09988188743591309	88.84663
933	(0.4856007969313913-0.991895578456957j)	0.08344197273254395	88.94196
934	(0.5054559033824915-1.027304355071336j)	0.08240389823913574	89.03729
935	(0.5260001202580256-1.0622566969032334j)	0.1114039421081543	89.13262
936	(0.5471655526967028-1.0968880413378344j)	0.08306097984313965	89.22794
937	(0.5690205474019316-1.131086129117406j)	0.09703588485717773	89.32327
938	(0.5915163268271941-1.164845674732832j)	0.08223986625671387	89.4186
939	(0.6146350236962617-1.1981656874142477j)	0.07949399948120117	89.51393
940	(0.6384024004509194-1.2310004717098242j)	0.087615966796875	89.60926
941	(0.6627925695284207-1.2634277765197974j)	0.10685300827026367	89.70458
942	(0.6877687297002901-1.2954340848516548j)	0.07933330535888672	89.79991
943	(0.7133773791414848-1.3268904279573677j)	0.0839390754699707	89.89524
944	(0.7395952141375921-1.3579510936000518j)	0.09603190422058105	89.99057
945	(0.7663569612397432-1.3883047164050415j)	0.08222484588623047	90.0859
946	(0.793714319856094-1.4183090436680224j)	0.09617924690246582	90.18122
947	(0.8216615227406574-1.4477247935722786j)	0.0882565975189209	90.27655
948	(0.8501616879129297-1.4766358651824163j)	0.08065295219421387	90.37188
949	(0.879171442923812-1.5049538885008524j)	0.08111381530761719	90.46721
950	(0.9086027910550862-1.5326761722916638j)	0.09848213195800781	90.56253
951	(0.9388137364644588-1.5599375006214293j)	0.0814051628112793	90.65786
952	(0.969436705775092-1.5866350721294562j)	0.08845710754394531	90.75319
953	(1.0005118798844945-1.6126249451361145j)	0.09903383255004883	90.84852
954	(1.0298691350189033-1.637787129526356j)	0.08194994926452637	90.94385
955	(1.0641611700319547-1.662893446669249j)	0.09140586853027344	91.03917
956	(1.0967103836992722-1.6871208667786193j)	0.08623099327087402	91.1345
957	(1.1297079253993103-1.7107324314088521j)	0.08376002311706543	91.22983
958	(1.1631549224058004-1.7336798637305495j)	0.13436198234558105	91.32516
959	(1.201469929567259-1.750164351051247j)	0.08909797668457031	91.42049
960	(1.2313127266377153-1.7776607402771836j)	0.08602619171142578	91.51581
961	(1.2659244337137787-1.7986799542054843j)	0.08307671546936035	91.61114
962	(1.30109904132101-1.8190120476855387j)	0.10136675834655762	91.70647
963	(1.336546089199008-1.8385923344081285j)	0.07984304428100586	91.8018
964	(1.3724333000306779-1.857684924046724j)	0.08264279365539551	91.89713
965	(1.4085853166150306-1.8759657153047966j)	0.09357094764709473	91.99245
966	(1.4451368536838265-1.8935706729516655j)	0.08120918273925781	92.08778
967	(1.4820060297515258-1.9104775322675316j)	0.09194183349609375	92.18311
968	(1.5191995535614866-1.9266694280024232j)	0.09265708923339844	92.27844
969	(1.5566797030534034-1.942170143797567j)	0.08203506469726562	92.37377
970	(1.594443438768268-1.9569020953561305j)	0.08210086822509766	92.46909
971	(1.6325046705925808-1.971016714307221j)	0.0991511344909668	92.56442
972	(1.6709041793198374-1.9843470238189294j)	0.08130288124084473	92.65975
973	(1.7093643558127174-1.996871364653087j)	0.08235740661621094	92.75508
974	(1.7481622914346504-2.0087203847488753j)	0.09772801399230957	92.85041
975	(1.7871718987956196-2.0198321030460424j)	0.09048604965209961	92.94573
976	(1.8263654617803202-2.0301711669241094j)	0.09145498275756836	93.04106
977	(1.8655404714637962-2.040238063379411j)	0.08709025382995605	93.13639
978	(1.9053595484107433-2.0486242251379974j)	0.08148908615112305	93.23172
979	(1.9450661269226535-2.056730451435187j)	0.0812690258026123	93.32704
980	(1.9849558579705424-2.0640629168818228j)	0.11132001876831055	93.42237
981	(2.024980645169654-2.070592857405744j)	0.08148717880249023	93.5177
982	(2.065568492301473-2.075830638446741j)	0.08287787437438965	93.61303
983	(2.105357004039302-2.081474025790089j)	0.0962991714477539	93.70836
984	(2.1456753333233074-2.085733572063679j)	0.08080720901489258	93.80368
985	(2.1860646820432628-2.089256480088703j)	0.08483481407165527	93.89901
986	(2.226527878594716-2.091960689878356j)	0.0991678237915039	93.99434
987	(2.2670100302548506-2.0939042621131527j)	0.08198094367980957	94.08967
988	(2.3075534935681543-2.0951249288755207j)	0.0940699577331543	94.185
989	(2.3480682457413224-2.0955426365739895j)	0.10707688331604004	94.28032
990	(2.388638144761415-2.0951974031765266j)	0.08130097389221191	94.37565
991	(2.429169990077543-2.0940100574885214j)	0.08766293525695801	94.47098
992	(2.469672981712722-2.092075145298438j)	0.10197305679321289	94.56631
993	(2.5101237955619453-2.089418283715712j)	0.0828709602355957	94.66164
994	(2.5505362804964102-2.0859614666412725j)	0.08208894729614258	94.75696
995	(2.590867545084144-2.081779885140624j)	0.09253811836242676	94.85229
996	(2.6310872049748775-2.076721449623982j)	0.09540200233459473	94.94762
997	(2.6712098653082523-2.0709696707113574j)	0.09393882751464844	95.04295
998	(2.711212672961312-2.064446969834683j)	0.08593416213989258	95.13828
999	(2.751127426830383-2.0571600887009365j)	0.07918214797973633	95.2336
