	res_adaptive	time_adaptive	w
0	(0.9912571059458285+0.07070315341184491j)	0.32895898818969727	0.001
1	(1.0614461712045171-0.17187759627677737j)	0.36578989028930664	0.09633
2	(1.1185526704829793-0.2823252105495113j)	0.37214207649230957	0.19166
3	(1.1764486703145085-0.38132988480968766j)	0.36237025260925293	0.28698
4	(1.223516974631255-0.4611244341793354j)	0.43685388565063477	0.38231
5	(1.2779671718607277-0.5448019054616962j)	0.47429871559143066	0.47764
6	(1.3319588651002543-0.6133763850947412j)	0.4011220932006836	0.57297
7	(1.3889909771487186-0.6808127105058487j)	0.3242518901824951	0.6683
8	(1.440440680216034-0.7401116265783044j)	0.3297579288482666	0.76362
9	(1.4982603798202052-0.8001992254327913j)	0.3505997657775879	0.85895
10	(1.5545365940239715-0.8511246673588827j)	0.32038187980651855	0.95428
11	(1.6130806249729526-0.8982771214493357j)	0.37746500968933105	1.04961
12	(1.666304176768355-0.9426612984167657j)	0.3839681148529053	1.14494
13	(1.7264266491579305-0.984803869341574j)	0.3452911376953125	1.24026
14	(1.7832890113896325-1.0208793826065654j)	0.3728790283203125	1.33559
15	(1.841614202792463-1.0531750587588866j)	0.38057518005371094	1.43092
16	(1.8954849205590192-1.0852002515794983j)	0.40004706382751465	1.52625
17	(1.955008151510618-1.1140768463561286j)	0.38152599334716797	1.62157
18	(2.01080129078737-1.138370553311121j)	0.3692657947540283	1.7169
19	(2.06752331203897-1.159805860077042j)	0.3377408981323242	1.81223
20	(2.1207015029345286-1.1815094756863576j)	0.36844515800476074	1.90756
21	(2.1794728889403094-1.2006151010945874j)	0.4183077812194824	2.00289
22	(2.2322087773144643-1.214105253718583j)	0.37107014656066895	2.09821
23	(2.286603586145788-1.225300189618526j)	0.3387181758880615	2.19354
24	(2.3384427988549508-1.2398658178570137j)	0.36675190925598145	2.28887
25	(2.3945369997990142-1.2482846591196415j)	0.4460139274597168	2.3842
26	(2.444044575601507-1.2552539856571394j)	0.35436010360717773	2.47953
27	(2.4969319095805274-1.2609092645400233j)	0.3370859622955322	2.57485
28	(2.547086982917541-1.2672732064268877j)	0.35030221939086914	2.67018
29	(2.6001597783448975-1.268128391363882j)	0.32468509674072266	2.76551
30	(2.6473181860789103-1.2690239723247918j)	0.38028812408447266	2.86084
31	(2.6982420022671714-1.2686823954428716j)	0.3832077980041504	2.95617
32	(2.74586348304329-1.268554523531269j)	0.3033721446990967	3.05149
33	(2.7938130595422614-1.2630580124342676j)	0.39157605171203613	3.14682
34	(2.8405476310696196-1.2583616567654425j)	0.38666796684265137	3.24215
35	(2.887195129785556-1.2534656606258907j)	0.4184610843658447	3.33748
36	(2.9345672517450314-1.246304577996989j)	0.5183930397033691	3.43281
37	(2.9805759630694655-1.2362763605794636j)	0.5041139125823975	3.52813
38	(3.0233440367496724-1.2279438153446842j)	0.4058208465576172	3.62346
39	(3.068008834495172-1.2151080758769521j)	0.40793514251708984	3.71879
40	(3.111934662013138-1.2051075553659016j)	0.4247291088104248	3.81412
41	(3.1543414558532525-1.1906441107160524j)	0.4790518283843994	3.90945
42	(3.195269121855518-1.1780734094821181j)	0.48582005500793457	4.00477
43	(3.237853604979126-1.162366525748747j)	0.4309680461883545	4.1001
44	(3.2764738655245473-1.1461016721078046j)	0.5316529273986816	4.19543
45	(3.317376292101102-1.1279601888218986j)	0.40825605392456055	4.29076
46	(3.3559011128084713-1.1115151725286077j)	0.6594431400299072	4.38608
47	(3.3953797564747714-1.0913328339278934j)	0.4414191246032715	4.48141
48	(3.4327475216540733-1.071802591640587j)	0.39386487007141113	4.57674
49	(3.4688090872736406-1.0500226481748753j)	0.4994192123413086	4.67207
50	(3.5052249302368237-1.0303569217535036j)	0.48243284225463867	4.7674
51	(3.540972671496911-1.0050439974971699j)	0.32882189750671387	4.86272
52	(3.5753440337117266-0.9832372809529365j)	0.41893672943115234	4.95805
53	(3.6094257625029824-0.958431064400493j)	0.6239769458770752	5.05338
54	(3.6420286675547584-0.9353296004715084j)	0.6157228946685791	5.14871
55	(3.674402400142161-0.9074674880927976j)	0.40859293937683105	5.24404
56	(3.7055360930230425-0.88213483775493j)	0.5519630908966064	5.33936
57	(3.7358597850775848-0.8561682922790277j)	0.4600520133972168	5.43469
58	(3.765710296574407-0.8284134290627843j)	0.380216121673584	5.53002
59	(3.7944490227955048-0.7979098111204664j)	0.37856411933898926	5.62535
60	(3.822287696564331-0.7705167107033762j)	0.3252401351928711	5.72068
61	(3.849835757539153-0.7401962965245644j)	0.308499813079834	5.816
62	(3.877346665598906-0.7109708486341524j)	0.3572123050689697	5.91133
63	(3.9020969834601544-0.6783215813469081j)	0.32813024520874023	6.00666
64	(3.926763344312189-0.6486980600453915j)	0.32692670822143555	6.10199
65	(3.951171878262455-0.6161614234394501j)	0.3012428283691406	6.19732
66	(3.975133771875358-0.5844088436685517j)	0.3309459686279297	6.29264
67	(3.996088373965652-0.5500432898184582j)	0.3301429748535156	6.38797
68	(4.017824227944066-0.5183913871988314j)	0.3203439712524414	6.4833
69	(4.038649404307566-0.4838435579892446j)	0.30095410346984863	6.57863
70	(4.058747655811157-0.4496724489738486j)	0.33495211601257324	6.67396
71	(4.076508581095612-0.41530522653930235j)	0.3386092185974121	6.76928
72	(4.095206703362274-0.3808734185598909j)	0.3452317714691162	6.86461
73	(4.1123692977726325-0.34468119187959867j)	0.3229207992553711	6.95994
74	(4.128938329685659-0.3089306805487998j)	0.32276296615600586	7.05527
75	(4.1430964801162276-0.27251706592155966j)	0.31998109817504883	7.15059
76	(4.158688694909025-0.23740138500118063j)	0.32500386238098145	7.24592
77	(4.172129858824185-0.19994457989551617j)	0.3005530834197998	7.34125
78	(4.185143778870944-0.16272244134056402j)	0.3525700569152832	7.43658
79	(4.1958984980257235-0.1261273418588083j)	0.3179597854614258	7.53191
80	(4.2081487200532575-0.0892247181524454j)	0.32128429412841797	7.62723
81	(4.217865955926391-0.0508651952747243j)	0.32396721839904785	7.72256
82	(4.227309613397042-0.012939253266487316j)	0.3588709831237793	7.81789
83	(4.234707159998879+0.024436998256682302j)	0.3317141532897949	7.91322
84	(4.243907543956595+0.06263952790173864j)	0.3290691375732422	8.00855
85	(4.249497400562253+0.10134784777414263j)	0.32642102241516113	8.10387
86	(4.255381677711804+0.13987384955224627j)	0.3303549289703369	8.1992
87	(4.259654104788385+0.17752051565190874j)	0.32988905906677246	8.29453
88	(4.2650385440515794+0.2166892194401142j)	0.3522477149963379	8.38986
89	(4.26646932084363+0.2557564299393613j)	0.31534481048583984	8.48519
90	(4.269401903602852+0.29433580729574554j)	0.3066530227661133	8.58051
91	(4.269643494752366+0.33212528091929483j)	0.34610795974731445	8.67584
92	(4.271786720632643+0.3707080388958802j)	0.32996487617492676	8.77117
93	(4.270037184623755+0.41049060759202227j)	0.32125210762023926	8.8665
94	(4.269670952747981+0.4486247330104439j)	0.29996204376220703	8.96183
95	(4.267206026967364+0.48699355274722866j)	0.36250996589660645	9.05715
96	(4.26524932896884+0.5268066316379779j)	0.3273601531982422	9.15248
97	(4.259857004225717+0.5648652743568496j)	0.30826282501220703	9.24781
98	(4.2563573280466995+0.6030386909921993j)	0.35010504722595215	9.34314
99	(4.250524527487044+0.6415743444715015j)	0.3423619270324707	9.43847
100	(4.244704648141036+0.6805812133964029j)	0.3200392723083496	9.53379
101	(4.236154821911198+0.7177705144328974j)	0.3466198444366455	9.62912
102	(4.229341920469584+0.7557424779132819j)	0.31943202018737793	9.72445
103	(4.22031327320968+0.7926465849023618j)	0.32111167907714844	9.81978
104	(4.210767256563497+0.832003709896434j)	0.30328798294067383	9.9151
105	(4.199239392012214+0.8681561400103401j)	0.32413482666015625	10.01043
106	(4.189115279076658+0.9056495564017538j)	0.3254392147064209	10.10576
107	(4.176571767882822+0.9425664336205484j)	0.31821417808532715	10.20109
108	(4.163552738882309+0.9796597056551862j)	0.3270139694213867	10.29642
109	(4.149474299660095+1.014978991268124j)	0.30075597763061523	10.39174
110	(4.136040116944466+1.0517198437983528j)	0.3338291645050049	10.48707
111	(4.120356487774155+1.087394931284542j)	0.32958102226257324	10.5824
112	(4.104147530001565+1.1232296207379011j)	0.32255101203918457	10.67773
113	(4.08761351804824+1.1571889930235533j)	0.3123970031738281	10.77306
114	(4.070562355149933+1.1937514113273726j)	0.36406779289245605	10.86838
115	(4.051934731749956+1.2271358481810188j)	0.32766103744506836	10.96371
116	(4.032685936023558+1.2614627546620036j)	0.3055119514465332	11.05904
117	(4.0135031227569895+1.2940749157001923j)	0.3382091522216797	11.15437
118	(3.9932742882928087+1.32880041757806j)	0.3252830505371094	11.2497
119	(3.9718334556765784+1.3608506106873643j)	0.318004846572876	11.34502
120	(3.9506378474026165+1.3934785565579981j)	0.3397481441497803	11.44035
121	(3.927988582273344+1.424535283919411j)	0.3179302215576172	11.53568
122	(3.9045962489891686+1.4574783457806033j)	0.32288098335266113	11.63101
123	(3.880290127407181+1.48719998367235j)	0.32604289054870605	11.72634
124	(3.8558841729008573+1.5182733899678589j)	0.30475497245788574	11.82166
125	(3.831680809858209+1.547723746452085j)	0.3420979976654053	11.91699
126	(3.8053346084222897+1.578536825936629j)	0.3252439498901367	12.01232
127	(3.7788562454691785+1.6061744204459916j)	0.32007479667663574	12.10765
128	(3.7521586577943813+1.6353234236367766j)	0.332874059677124	12.20298
129	(3.7252434102203216+1.662789132823973j)	0.3115730285644531	12.2983
130	(3.6961968663377855+1.6912256248303514j)	0.319378137588501	12.39363
131	(3.667718855908608+1.7166838641313917j)	0.32224106788635254	12.48896
132	(3.6387834644440202+1.7437237691220466j)	0.33463120460510254	12.58429
133	(3.6094455711057787+1.7689831232318995j)	0.30255794525146484	12.67961
134	(3.5782692923813526+1.7948132404370034j)	0.3311450481414795	12.77494
135	(3.547667696727725+1.8179888173142302j)	0.3360469341278076	12.87027
136	(3.5163772036999617+1.8426828339100587j)	0.3281881809234619	12.9656
137	(3.4845097152158493+1.865673447770219j)	0.2973611354827881	13.06093
138	(3.451397319577436+1.888576442799364j)	0.32924818992614746	13.15625
139	(3.4194667375010077+1.9094559840081955j)	0.3177211284637451	13.25158
140	(3.3860334406602473+1.931578572454122j)	0.32087087631225586	13.34691
141	(3.3523409675639506+1.9519492149383293j)	0.31699562072753906	13.44224
142	(3.317609309932248+1.9716960146838125j)	0.32022786140441895	13.53757
143	(3.2839544982038227+1.9904745807885391j)	0.31185221672058105	13.63289
144	(3.248601836891931+2.009841084636992j)	0.3522951602935791	13.72822
145	(3.213330501780102+2.0274776925335423j)	0.3212449550628662	13.82355
146	(3.177112202483535+2.044325400273401j)	0.3005383014678955	13.91888
147	(3.1421993957861036+2.0607817103343646j)	0.3188469409942627	14.01421
148	(3.1050092979730235+2.076961482044713j)	0.3516831398010254	14.10953
149	(3.0683168528332274+2.091731941675949j)	0.34035515785217285	14.20486
150	(3.030924683074001+2.1056008829294286j)	0.29708099365234375	14.30019
151	(2.9946600506685406+2.1194809271571735j)	0.3324849605560303	14.39552
152	(2.956705918634068+2.1318590240903674j)	0.32796716690063477	14.49085
153	(2.9187835389491146+2.144362481672431j)	0.32844090461730957	14.58617
154	(2.879423568224189+2.155844891309889j)	0.30623483657836914	14.6815
155	(2.8425208498022942+2.1663487761796345j)	0.3326847553253174	14.77683
156	(2.8025788318452265+2.176098562452625j)	0.32901501655578613	14.87216
157	(2.764755615385643+2.184547766278411j)	0.3363609313964844	14.96749
158	(2.7252639072590137+2.1927757164029598j)	0.4075610637664795	15.06281
159	(2.6867922419306547+2.201063397725807j)	0.4080331325531006	15.15814
160	(2.6461818395769994+2.207400710333253j)	0.38378286361694336	15.25347
161	(2.6077257170696155+2.21371644321426j)	0.43913912773132324	15.3488
162	(2.5677043418525045+2.2180963118366854j)	0.5376749038696289	15.44412
163	(2.528440656398101+2.2234188796018906j)	0.48117709159851074	15.53945
164	(2.4880005502900078+2.226093922039538j)	0.32714104652404785	15.63478
165	(2.448688582553372+2.2291696149701488j)	0.30348706245422363	15.73011
166	(2.408143031854778+2.2315143439203777j)	0.314835786819458	15.82544
167	(2.3684418698621004+2.233225985407591j)	0.3352079391479492	15.92076
168	(2.3275200759928127+2.2327400606738905j)	0.3100550174713135	16.01609
169	(2.288484828387359+2.2327311386599606j)	0.2971839904785156	16.11142
170	(2.247758863021266+2.2317872036804216j)	0.30689501762390137	16.20675
171	(2.2077014475562127+2.2300377277564447j)	0.3131420612335205	16.30208
172	(2.1672402419673875+2.226645133558622j)	0.3108649253845215	16.3974
173	(2.1281354988843133+2.223792374093012j)	0.3050999641418457	16.49273
174	(2.087518979217336+2.219508878142051j)	0.3342859745025635	16.58806
175	(2.0476374622866773+2.2146246675301184j)	0.3345942497253418	16.68339
176	(2.0081243988134028+2.208845307519228j)	0.2942326068878174	16.77872
177	(1.9686567755632562+2.2023090191192467j)	0.32899904251098633	16.87404
178	(1.9284509150233138+2.194735186309863j)	0.30173492431640625	16.96937
179	(1.8889958577819872+2.1867281358019515j)	0.2949519157409668	17.0647
180	(1.8499408030865678+2.177204119999398j)	0.31081604957580566	17.16003
181	(1.8106366732622423+2.1686508382958554j)	0.30388712882995605	17.25536
182	(1.7715141906042342+2.1575975357210204j)	0.3003251552581787	17.35068
183	(1.7327372354382422+2.1465336986566155j)	0.2961552143096924	17.44601
184	(1.69458752973599+2.1340780338787773j)	0.3002939224243164	17.54134
185	(1.6560448152486364+2.1224905099203566j)	0.3102681636810303	17.63667
186	(1.6175462321938536+2.108464735969178j)	0.3080101013183594	17.732
187	(1.5798060534705467+2.0942741586075164j)	0.3012099266052246	17.82732
188	(1.5427482318449008+2.0789885975052114j)	0.29964232444763184	17.92265
189	(1.5049797567633905+2.0643394280344505j)	0.31347012519836426	18.01798
190	(1.4678217072861353+2.046803087676855j)	0.3037130832672119	18.11331
191	(1.4313328125091422+2.02966440472239j)	0.3163609504699707	18.20863
192	(1.3953966548054253+2.0122422141299117j)	0.30094313621520996	18.30396
193	(1.3586532003581588+1.9945557704607126j)	0.29679298400878906	18.39929
194	(1.323140090508787+1.974201163336364j)	0.32385802268981934	18.49462
195	(1.2881541312132108+1.9551481169866256j)	0.295377254486084	18.58995
196	(1.2534088721179526+1.9342212978133182j)	0.2990689277648926	18.68527
197	(1.217976094425396+1.9135605445037662j)	0.29239892959594727	18.7806
198	(1.1843048230622901+1.8905905260646998j)	0.3043050765991211	18.87593
199	(1.150677610997233+1.8689342648295184j)	0.29995179176330566	18.97126
200	(1.1171705670927365+1.8453684662462504j)	0.2988548278808594	19.06659
201	(1.083804210107884+1.821825285276624j)	0.30595874786376953	19.16191
202	(1.0521358893985666+1.7965054113740893j)	0.2941708564758301	19.25724
203	(1.0200690756250632+1.7722601556459263j)	0.30099034309387207	19.35257
204	(0.9890191108445293+1.7461443859725396j)	0.309279203414917	19.4479
205	(0.9572812612726733+1.7197551103358748j)	0.33173465728759766	19.54323
206	(0.9274676830319021+1.6923866669115488j)	0.3249659538269043	19.63855
207	(0.8971171712984651+1.6656847307077551j)	0.30573606491088867	19.73388
208	(0.8677033258769962+1.6371449237409716j)	0.30144834518432617	19.82921
209	(0.8385749542289012+1.6084029944694298j)	0.30260562896728516	19.92454
210	(0.8110261919670825+1.5791677445252745j)	0.3118100166320801	20.01987
211	(0.7826050219013039+1.5498725505759168j)	0.2997899055480957	20.11519
212	(0.7556579670398584+1.5199421666986233j)	0.30271196365356445	20.21052
213	(0.7286871677660686+1.4881828262887153j)	0.301663875579834	20.30585
214	(0.7034069199503259+1.4570677757710857j)	0.3271610736846924	20.40118
215	(0.6769003686935104+1.4254793811458264j)	0.38777804374694824	20.49651
216	(0.6526150663741834+1.3927765874620013j)	0.5483942031860352	20.59183
217	(0.6305784186288462+1.3590786494533735j)	0.3721959590911865	20.68716
218	(0.6053179442502608+1.3269797155670944j)	0.3568379878997803	20.78249
219	(0.5812888789701613+1.2932759843018702j)	0.40522217750549316	20.87782
220	(0.5596173646831717+1.2588044037234105j)	0.4361410140991211	20.97314
221	(0.5378630726026518+1.2240648300560701j)	0.3611435890197754	21.06847
222	(0.5173778164970698+1.1895951286835593j)	0.3242518901824951	21.1638
223	(0.49658532949333867+1.1539351272569944j)	0.44109106063842773	21.25913
224	(0.47744429249165643+1.1178266541763542j)	0.38423991203308105	21.35446
225	(0.45804116835460157+1.081712234567965j)	0.34163689613342285	21.44978
226	(0.44014839869557976+1.0458299810795884j)	0.3713829517364502	21.54511
227	(0.4223716572824829+1.008627445214262j)	0.33679890632629395	21.64044
228	(0.40589285498407063+0.9712111389008393j)	0.42267870903015137	21.73577
229	(0.3891132694718882+0.9340389938505383j)	0.4278080463409424	21.8311
230	(0.37403013052923983+0.8964764703040811j)	0.31612300872802734	21.92642
231	(0.35867260804581436+0.8575690572266792j)	0.3892650604248047	22.02175
232	(0.34563669584568063+0.819580924221436j)	0.32178401947021484	22.11708
233	(0.33177111065373355+0.7809988142481995j)	0.4685189723968506	22.21241
234	(0.3194602431387614+0.742002563511876j)	0.43364691734313965	22.30774
235	(0.30733818237924304+0.7023589533080883j)	0.31371593475341797	22.40306
236	(0.29722197513089565+0.663546462715293j)	0.40297722816467285	22.49839
237	(0.2862381231670331+0.6239870590873372j)	0.33275508880615234	22.59372
238	(0.2769547782029633+0.5841627499896526j)	0.3270399570465088	22.68905
239	(0.26825083259061416+0.5437943880834055j)	0.3174159526824951	22.78438
240	(0.2607388857413546+0.5043079138176408j)	0.34229612350463867	22.8797
241	(0.2525736083820819+0.4633896325517767j)	0.3459599018096924	22.97503
242	(0.24663599484865129+0.42346006894349525j)	0.4211239814758301	23.07036
243	(0.24108686067861984+0.3826101529876224j)	0.3943021297454834	23.16569
244	(0.2363183245689864+0.3428510030989076j)	0.3481619358062744	23.26102
245	(0.23171586867251698+0.30155750165865425j)	0.32628893852233887	23.35634
246	(0.22887642231290847+0.26094151177143704j)	0.49265098571777344	23.45167
247	(0.2262741223034031+0.21978553055473346j)	0.31896495819091797	23.547
248	(0.2243791618820461+0.17975685467380054j)	0.3916900157928467	23.64233
249	(0.2230817653122942+0.13821369111221965j)	0.3426029682159424	23.73765
250	(0.22346261500651987+0.09723508099659176j)	0.3680129051208496	23.83298
251	(0.22392180249303553+0.05632374570126161j)	0.3653428554534912	23.92831
252	(0.2249149001271653+0.016173077643964903j)	0.3251309394836426	24.02364
253	(0.2272671798041714-0.02565520949243666j)	0.29828500747680664	24.11897
254	(0.2300636308782366-0.06596124062503733j)	0.337554931640625	24.21429
255	(0.2340301772650679-0.10686728374022511j)	0.3199927806854248	24.30962
256	(0.23792459955864895-0.14690777585578108j)	0.32926297187805176	24.40495
257	(0.2433499451021598-0.18848073558651482j)	0.3059508800506592	24.50028
258	(0.2496972200709476-0.22810568882846913j)	0.3206048011779785	24.59561
259	(0.25650240466833385-0.2687707453159895j)	0.34716081619262695	24.69093
260	(0.26341194107257293-0.3085409278225723j)	0.447005033493042	24.78626
261	(0.27213737015990236-0.3495011959471484j)	0.3930549621582031	24.88159
262	(0.28130382615540817-0.38845955286982764j)	0.2971510887145996	24.97692
263	(0.2912132501508764-0.4285429533697957j)	0.30916905403137207	25.07225
264	(0.30113031653212907-0.46775861407472646j)	0.29531407356262207	25.16757
265	(0.3130869891989748-0.507817245300478j)	0.3022289276123047	25.2629
266	(0.3250739648071839-0.5459539556458254j)	0.3173229694366455	25.35823
267	(0.33768963666978946-0.5852736162203024j)	0.3024280071258545	25.45356
268	(0.35121220525973224-0.6237672919524881j)	0.3221549987792969	25.54889
269	(0.3651568837113926-0.6625844126463193j)	0.3117179870605469	25.64421
270	(0.38127149536458266-0.7001135799614472j)	0.33196401596069336	25.73954
271	(0.3963478380123456-0.7379337879549968j)	0.3054318428039551	25.83487
272	(0.41276885735070445-0.77528112970588j)	0.2972888946533203	25.9302
273	(0.4304349082322566-0.8123657446099658j)	0.3028120994567871	26.02553
274	(0.44806312387169744-0.8485916689842254j)	0.3106269836425781	26.12085
275	(0.4664669720391352-0.8856134660254102j)	0.30811429023742676	26.21618
276	(0.48566511393786105-0.9215561728315353j)	0.3041551113128662	26.31151
277	(0.5061185333212779-0.9570887951424268j)	0.31461501121520996	26.40684
278	(0.5260718306693154-0.992042023579806j)	0.3065009117126465	26.50216
279	(0.5476405986181796-1.0274474024306104j)	0.3060939311981201	26.59749
280	(0.5695285477187607-1.061808311899638j)	0.2991790771484375	26.69282
281	(0.5922740403755421-1.095627787639167j)	0.3055689334869385	26.78815
282	(0.6155257728365702-1.1296217664221235j)	0.31058502197265625	26.88348
283	(0.6393835882299121-1.1626282503874807j)	0.297565221786499	26.9788
284	(0.6638374509012657-1.1949225291629157j)	0.306002140045166	27.07413
285	(0.6892564179381756-1.2270617944978472j)	0.29981398582458496	27.16946
286	(0.7141761969518641-1.2590103621987307j)	0.2951531410217285	27.26479
287	(0.7414583375368226-1.2904463373662007j)	0.3002490997314453	27.36012
288	(0.7679521331952558-1.3209486655121494j)	0.298140287399292	27.45544
289	(0.7956730538140261-1.3507309143393527j)	0.3053150177001953	27.55077
290	(0.8230369879510181-1.3808036141786835j)	0.29305410385131836	27.6461
291	(0.8526239645705471-1.4098730202557792j)	0.3003408908843994	27.74143
292	(0.8811309144083338-1.4379878773087775j)	0.30234408378601074	27.83676
293	(0.9111713550282559-1.4659077444478896j)	0.36012697219848633	27.93208
294	(0.9408507573519703-1.4938680310101962j)	0.30438709259033203	28.02741
295	(0.9725282808727875-1.5202952989587242j)	0.3050520420074463	28.12274
296	(1.0028768494374494-1.5464063384341191j)	0.3121206760406494	28.21807
297	(1.0350391948378437-1.5722273088134402j)	0.30463433265686035	28.3134
298	(1.0669299316424778-1.5975256258177033j)	0.31443309783935547	28.40872
299	(1.100411016984006-1.6213413478145726j)	0.2968010902404785	28.50405
300	(1.1327980644987414-1.6451028262803624j)	0.2965688705444336	28.59938
301	(1.1667287095890613-1.66835670428521j)	0.3013267517089844	28.69471
302	(1.2007128138727747-1.690946411900763j)	0.29989194869995117	28.79004
303	(1.2356400017602915-1.7122575956223525j)	0.29912376403808594	28.88536
304	(1.2696903026797735-1.7335841932403457j)	0.30278801918029785	28.98069
305	(1.3053472601689609-1.7541180904831175j)	0.30285215377807617	29.07602
306	(1.3409768008232392-1.774003632796186j)	0.32186126708984375	29.17135
307	(1.377255866442862-1.7925045862115685j)	0.3086559772491455	29.26667
308	(1.4129147361121412-1.8113010164245864j)	0.30269598960876465	29.362
309	(1.4500450258554258-1.8289150386853406j)	0.29828405380249023	29.45733
310	(1.487061346500845-1.8460347628851719j)	0.3306419849395752	29.55266
311	(1.5243401268612682-1.8616822626027039j)	0.29854917526245117	29.64799
312	(1.5615968029564506-1.877788595326936j)	0.29945874214172363	29.74331
313	(1.5999156831232777-1.8924521293629462j)	0.29485583305358887	29.83864
314	(1.638179895277318-1.9066226455119206j)	0.29952096939086914	29.93397
315	(1.6763780919435467-1.9194250325038649j)	0.2958810329437256	30.0293
316	(1.71497410861492-1.9328957156743336j)	0.2962069511413574	30.12463
317	(1.754177482791725-1.9442247402891455j)	0.2974090576171875	30.21995
318	(1.7933643677883802-1.9554479202103696j)	0.30730390548706055	30.31528
319	(1.832350769000569-1.9653523427999129j)	0.29957103729248047	30.41061
320	(1.8719927042291733-1.9757863492599692j)	0.2966752052307129	30.50594
321	(1.9120484312681039-1.9837954237847506j)	0.3009679317474365	30.60127
322	(1.9517654969433105-1.9922173769613312j)	0.29517698287963867	30.69659
323	(1.9913668772516657-1.9991778534796958j)	0.31147122383117676	30.79192
324	(2.0318026602471924-2.006505561088899j)	0.3039858341217041	30.88725
325	(2.072118950398946-2.011336564713158j)	0.34763479232788086	30.98258
326	(2.112063775319306-2.016852902006533j)	0.3190310001373291	31.07791
327	(2.1523506824522434-2.020764887053353j)	0.29393792152404785	31.17323
328	(2.1933605360777135-2.024817165243317j)	0.31615471839904785	31.26856
329	(2.2337749926027195-2.0266148637486374j)	0.30754685401916504	31.36389
330	(2.2740951398386806-2.02906267664837j)	0.3051149845123291	31.45922
331	(2.3148338130683443-2.029996364984193j)	0.29866909980773926	31.55455
332	(2.3557753827586647-2.030688804645055j)	0.30408501625061035	31.64987
333	(2.396018350442275-2.029400582182302j)	0.2997140884399414	31.7452
334	(2.4365083138952532-2.0288201162827764j)	0.300095796585083	31.84053
335	(2.4771601405879653-2.0265956598213624j)	0.31261706352233887	31.93586
336	(2.518053829472988-2.024037981103331j)	0.3140230178833008	32.03118
337	(2.557928260504759-2.019790627519379j)	0.3116879463195801	32.12651
338	(2.5983656711434016-2.0161323784677494j)	0.32643699645996094	32.22184
339	(2.6386857141482176-2.0107514007557556j)	0.2954990863800049	32.31717
340	(2.6790860290974217-2.0047989275571902j)	0.308635950088501	32.4125
341	(2.718556660221122-1.9978077134444912j)	0.2946963310241699	32.50782
342	(2.758715457094828-1.9909967664173291j)	0.31922101974487305	32.60315
343	(2.7980255761911965-1.9825742938361834j)	0.3186931610107422	32.69848
344	(2.8382201881580413-1.973484159202613j)	0.29395294189453125	32.79381
345	(2.876893216694659-1.9637658548268697j)	0.29918575286865234	32.88914
346	(2.916571921871389-1.9536703744835027j)	0.31601905822753906	32.98446
347	(2.955457783182573-1.9421577584435432j)	0.29901576042175293	33.07979
348	(2.994362366256676-1.9300749651844913j)	0.3062601089477539	33.17512
349	(3.0322370315582563-1.9175582922058498j)	0.3121020793914795	33.27045
350	(3.071317076924692-1.9043684348526668j)	0.30652713775634766	33.36578
351	(3.1088308949612946-1.8899022637681595j)	0.3083040714263916	33.4611
352	(3.146679523572561-1.8748163608039983j)	0.3196401596069336	33.55643
353	(3.1834881947606273-1.859549460736204j)	0.3065371513366699	33.65176
354	(3.221444166751048-1.8432150387544517j)	0.3200039863586426	33.74709
355	(3.257486618965143-1.825756322722323j)	0.31097984313964844	33.84242
356	(3.2941767101232386-1.8081020250957427j)	0.3092339038848877	33.93774
357	(3.330432836491517-1.7900146172835307j)	0.3446199893951416	34.03307
358	(3.3663563424916205-1.770761554119789j)	0.30492496490478516	34.1284
359	(3.4008776236183103-1.7507321627083385j)	0.3041050434112549	34.22373
360	(3.436203836985529-1.730616919962967j)	0.30615901947021484	34.31906
361	(3.471214999082866-1.7094060225156347j)	0.30998992919921875	34.41438
362	(3.5044648346763108-1.687188473208704j)	0.3276088237762451	34.50971
363	(3.538069504600868-1.6649640469816496j)	0.30145692825317383	34.60504
364	(3.571757122961818-1.6421345541453j)	0.3039820194244385	34.70037
365	(3.6042781660552694-1.6186447563294777j)	0.42324090003967285	34.79569
366	(3.637157801828588-1.593692190647607j)	0.34208202362060547	34.89102
367	(3.668217341453938-1.5689255450593913j)	0.3136730194091797	34.98635
368	(3.70008972044717-1.5434982339516985j)	0.32129478454589844	35.08168
369	(3.7308458461200966-1.517311613941191j)	0.34702610969543457	35.17701
370	(3.761456173967535-1.4901454739591893j)	0.3248751163482666	35.27233
371	(3.7905464525956973-1.463242308455714j)	0.3226652145385742	35.36766
372	(3.8204102169222223-1.4353103268098995j)	0.3655829429626465	35.46299
373	(3.8490256919045986-1.4068745790408916j)	0.32335996627807617	35.55832
374	(3.8771869362779654-1.377514303254911j)	0.37975096702575684	35.65365
375	(3.9044359054240005-1.3484443611566739j)	0.3286097049713135	35.74897
376	(3.9320231812711293-1.3182387758243612j)	0.31325793266296387	35.8443
377	(3.9583503977777297-1.2876994469147058j)	0.3253629207611084	35.93963
378	(3.984127313788527-1.2562784969743412j)	0.34987616539001465	36.03496
379	(4.0092513180878475-1.2254470159246744j)	0.32843494415283203	36.13029
380	(4.034270825245522-1.1929594287910872j)	0.306776762008667	36.22561
381	(4.058178624161291-1.160505256280858j)	0.3101320266723633	36.32094
382	(4.0813416003027-1.1272490580212362j)	0.33033299446105957	36.41627
383	(4.104198467501762-1.0945544773076095j)	0.3198680877685547	36.5116
384	(4.126649299963691-1.0599646073871412j)	0.33234095573425293	36.60693
385	(4.147854427549636-1.0260497166236726j)	0.3604297637939453	36.70225
386	(4.168395026137266-0.9911706675689237j)	0.3228931427001953	36.79758
387	(4.188774309046916-0.9567813659350893j)	0.34538960456848145	36.89291
388	(4.208345057037792-0.9205084568149915j)	0.37097811698913574	36.98824
389	(4.226629726843027-0.8852716678946699j)	0.33167099952697754	37.08357
390	(4.244671198698404-0.8488458253331044j)	0.3598289489746094	37.17889
391	(4.262305965808737-0.8129279355479437j)	0.3280150890350342	37.27422
392	(4.279033698570607-0.775250482557641j)	0.3233520984649658	37.36955
393	(4.294684649651227-0.7387878027529223j)	0.3003079891204834	37.46488
394	(4.309883504982209-0.7010981570641438j)	0.3084909915924072	37.5602
395	(4.324907974557259-0.6637691277515447j)	0.2948770523071289	37.65553
396	(4.338334340988952-0.6250295569351381j)	0.3088507652282715	37.75086
397	(4.351262531701078-0.5875124921383627j)	0.29558825492858887	37.84619
398	(4.363841828178812-0.5487367112471885j)	0.35260605812072754	37.94152
399	(4.375634640445267-0.5103186407915478j)	0.2949390411376953	38.03684
400	(4.3858917143155445-0.4707480330787758j)	0.32686519622802734	38.13217
401	(4.396082010978783-0.43234973852121183j)	0.3242518901824951	38.2275
402	(4.405532289903372-0.39265791827871066j)	0.3700428009033203	38.32283
403	(4.41416035956748-0.3532443094680322j)	0.33351778984069824	38.41816
404	(4.421512582363758-0.31328640540058184j)	0.3401672840118408	38.51348
405	(4.428815050042652-0.2741883807776775j)	0.31923508644104004	38.60881
406	(4.435095396487861-0.23385019204286384j)	0.31866908073425293	38.70414
407	(4.4406722111638315-0.19388502407035269j)	0.3288240432739258	38.79947
408	(4.44491350856719-0.15372640292034678j)	0.3700218200683594	38.8948
409	(4.449210446900609-0.11350097913414847j)	0.3292222023010254	38.99012
410	(4.4523987681323005-0.07328422519598721j)	0.3523547649383545	39.08545
411	(4.454834010686124-0.03296674839788294j)	0.3279380798339844	39.18078
412	(4.456020750357573+0.007256156874028918j)	0.3050112724304199	39.27611
413	(4.457432999551704+0.04812347182029997j)	0.3303549289703369	39.37144
414	(4.456629482453789+0.08910179466051804j)	0.3151407241821289	39.46676
415	(4.4566329842119865+0.12851113257990754j)	0.3612630367279053	39.56209
416	(4.454752619861097+0.16865164195117266j)	0.35520195960998535	39.65742
417	(4.453221471203164+0.20898121073645126j)	0.3083000183105469	39.75275
418	(4.449508817156788+0.24965421478936178j)	0.3089480400085449	39.84808
419	(4.445989687371528+0.2896817731396214j)	0.3406350612640381	39.9434
420	(4.441096320952946+0.32947114148073j)	0.357379674911499	40.03873
421	(4.436460175023602+0.3696971334027389j)	0.3491349220275879	40.13406
422	(4.429546246288277+0.4098542241157271j)	0.3535029888153076	40.22939
423	(4.4230001613795915+0.44952080382213644j)	0.332319974899292	40.32471
424	(4.41511641417062+0.48882036484892327j)	0.32517099380493164	40.42004
425	(4.407325336415017+0.5286920633150677j)	0.36257314682006836	40.51537
426	(4.39734095493044+0.5680439225097129j)	0.36112308502197266	40.6107
427	(4.3879501637903635+0.6068532948332623j)	0.3166790008544922	40.70603
428	(4.37698749676021+0.6456937951887632j)	0.3019230365753174	40.80135
429	(4.366045254888745+0.6849825101332803j)	0.34050798416137695	40.89668
430	(4.353129281665817+0.7232753388916049j)	0.32089900970458984	40.99201
431	(4.340891537090142+0.7613864818854552j)	0.3490149974822998	41.08734
432	(4.326977094915907+0.799559066591676j)	0.3407917022705078	41.18267
433	(4.3129009933847025+0.8375987843484395j)	0.29474401473999023	41.27799
434	(4.297115372135456+0.8746648649534817j)	0.30190014839172363	41.37332
435	(4.281753660795853+0.9114080462327865j)	0.3146669864654541	41.46865
436	(4.265169546579166+0.94882553108698j)	0.29654693603515625	41.56398
437	(4.247956826891734+0.9855353092662655j)	0.32176780700683594	41.65931
438	(4.229675115107828+1.0213270567185406j)	0.32469820976257324	41.75463
439	(4.211669160140202+1.0573655152084342j)	0.3041651248931885	41.84996
440	(4.19206473158607+1.092898131809041j)	0.3235499858856201	41.94529
441	(4.1720708725793365+1.1281856952137774j)	0.3336329460144043	42.04062
442	(4.1513405202014075+1.1623740589220941j)	0.3108639717102051	42.13595
443	(4.130400912246485+1.1970630049133322j)	0.33977198600769043	42.23127
444	(4.10811624713096+1.2309839131384435j)	0.33655810356140137	42.3266
445	(4.08545432243719+1.2645837440311274j)	0.29103612899780273	42.42193
446	(4.062245884216933+1.2971039614740847j)	0.3114278316497803	42.51726
447	(4.038659440356963+1.3303873206140258j)	0.33740997314453125	42.61259
448	(4.013903796158416+1.3622198188647576j)	0.331113338470459	42.70791
449	(3.9886122436240354+1.393969312977855j)	0.3564341068267822	42.80324
450	(3.963082027980504+1.4246497493804688j)	0.3268458843231201	42.89857
451	(3.9368632834505393+1.4560526477884617j)	0.3304140567779541	42.9939
452	(3.9097078781348458+1.4858358218404901j)	0.3170199394226074	43.08922
453	(3.882128977124181+1.5155470325247764j)	0.3389148712158203	43.18455
454	(3.8546834901136524+1.5443129276064242j)	0.33534884452819824	43.27988
455	(3.8256902963281245+1.573558429785938j)	0.34449315071105957	43.37521
456	(3.7962335081811123+1.600884805997779j)	0.32305407524108887	43.47054
457	(3.7666240408291354+1.628648517928497j)	0.3235158920288086	43.56586
458	(3.73727769765327+1.6550925308986182j)	0.2943120002746582	43.66119
459	(3.7058309055710894+1.6821747902633601j)	0.3016960620880127	43.75652
460	(3.6744909569771376+1.7071373751362922j)	0.30542492866516113	43.85185
461	(3.6430987454215957+1.7326217758464537j)	0.3034989833831787	43.94718
462	(3.611043701133845+1.7568395325671644j)	0.3186349868774414	44.0425
463	(3.5779562769948967+1.7812791145185982j)	0.302142858505249	44.13783
464	(3.5449317098644046+1.803773265457334j)	0.30057406425476074	44.23316
465	(3.5115794273009904+1.8268398140049353j)	0.3002901077270508	44.32849
466	(3.477534337158262+1.8486812114409905j)	0.3060898780822754	44.42382
467	(3.4428405058670424+1.870290790043065j)	0.30301690101623535	44.51914
468	(3.4083549651521707+1.890245923862095j)	0.29492998123168945	44.61447
469	(3.373223049934498+1.9107226471913612j)	0.3004496097564697	44.7098
470	(3.3375947086681137+1.9298655309095758j)	0.2929699420928955	44.80513
471	(3.301377342675677+1.9485151215846046j)	0.2975318431854248	44.90046
472	(3.265466468449797+1.9660217448906727j)	0.29195594787597656	44.99578
473	(3.228790949537752+1.9837579112044383j)	0.3030271530151367	45.09111
474	(3.1918173226697197+2.000119779360656j)	0.3455836772918701	45.18644
475	(3.154287107081264+2.0158730580084887j)	0.30385303497314453	45.28177
476	(3.117325887053181+2.0307757627569964j)	0.3011488914489746	45.3771
477	(3.0794339798441275+2.045963684182933j)	0.31551694869995117	45.47242
478	(3.04105741822675+2.0590030807537305j)	0.29445600509643555	45.56775
479	(3.0024565310420717+2.0718170587483202j)	0.30237698554992676	45.66308
480	(2.9644558829063428+2.0839834556100683j)	0.3253030776977539	45.75841
481	(2.9251827730895954+2.095683724989852j)	0.3818399906158447	45.85373
482	(2.886189510814813+2.1062060386284354j)	0.37608909606933594	45.94906
483	(2.846752212802673+2.115972299730822j)	0.34195590019226074	46.04439
484	(2.8078731936972248+2.1253068046147443j)	0.3806159496307373	46.13972
485	(2.767586076526307+2.1338960421900683j)	0.4229860305786133	46.23505
486	(2.7281663113186565+2.1414382686398703j)	0.3696329593658447	46.33037
487	(2.6881134897352217+2.148099801949224j)	0.41423487663269043	46.4257
488	(2.6485696166578903+2.154520730374197j)	0.4319322109222412	46.52103
489	(2.607693349121474+2.1599076842826026j)	0.3173820972442627	46.61636
490	(2.5677159753030097+2.1643216425373843j)	0.413485050201416	46.71169
491	(2.5274027726373594+2.167945796242096j)	0.33224987983703613	46.80701
492	(2.4874185265546878+2.1715035276720287j)	0.3507850170135498	46.90234
493	(2.446283604018264+2.173570889147761j)	0.30740904808044434	46.99767
494	(2.4064484842490366+2.174921056953261j)	0.32143092155456543	47.093
495	(2.3656647491471836+2.175933047745627j)	0.2904808521270752	47.18833
496	(2.3251545512486156+2.1760563735201774j)	0.3105599880218506	47.28365
497	(2.2842890574158567+2.174874826793962j)	0.2962162494659424	47.37898
498	(2.24448603486769+2.173273507466896j)	0.39137983322143555	47.47431
499	(2.2036754027807417+2.1711224558022932j)	0.3592829704284668	47.56964
500	(2.163114146316476+2.1678832246958186j)	0.4029049873352051	47.66497
501	(2.122669180458866+2.1637969584530783j)	0.3447270393371582	47.76029
502	(2.0830584115421327+2.159283898722636j)	0.4187960624694824	47.85562
503	(2.0424840250603022+2.153938576489568j)	0.40067625045776367	47.95095
504	(2.0025118472610184+2.147775995278742j)	0.32462215423583984	48.04628
505	(1.962503925418529+2.140299357760025j)	0.33185315132141113	48.14161
506	(1.9230949871261154+2.132759040881084j)	0.391035795211792	48.23693
507	(1.8830566991186979+2.124487419287838j)	0.373607873916626	48.33226
508	(1.8436506017723029+2.1152456834412j)	0.3085601329803467	48.42759
509	(1.804382679926119+2.104862037159628j)	0.3193199634552002	48.52292
510	(1.765597780645542+2.094540279630582j)	0.2936990261077881	48.61824
511	(1.7263145473346402+2.0829169660242326j)	0.2990710735321045	48.71357
512	(1.6876854592424024+2.070691782939721j)	0.30039310455322266	48.8089
513	(1.649227944759951+2.057505213006697j)	0.30320191383361816	48.90423
514	(1.6113498373512534+2.04430892186346j)	0.39269018173217773	48.99956
515	(1.573181960689325+2.029458421842103j)	0.36675524711608887	49.09488
516	(1.535638595692061+2.0143710922768805j)	0.3081507682800293	49.19021
517	(1.4985113488471287+1.9982004445929036j)	0.29187989234924316	49.28554
518	(1.4614232698718592+1.9822343185705633j)	0.32531309127807617	49.38087
519	(1.424424800880946+1.9642769006040166j)	0.3056190013885498	49.4762
520	(1.3882617981178926+1.9465649244964383j)	0.31537389755249023	49.57152
521	(1.352507655674422+1.9277226843795816j)	0.2977108955383301	49.66685
522	(1.316620599156853+1.9088725473747088j)	0.29784321784973145	49.76218
523	(1.2814839770805162+1.8881488416155647j)	0.315701961517334	49.85751
524	(1.246751387461984+1.8678248514087703j)	0.3001708984375	49.95284
525	(1.2122771454105212+1.846164821420893j)	0.2952461242675781	50.04816
526	(1.1778601893898366+1.8246666323567386j)	0.4163780212402344	50.14349
527	(1.1442739389733834+1.8012031137268343j)	0.3938281536102295	50.23882
528	(1.1113302456098153+1.7784285323656823j)	0.3707888126373291	50.33415
529	(1.0783512774542265+1.754294039051342j)	0.33933305740356445	50.42948
530	(1.0458462039776837+1.730002800122976j)	0.36149001121520996	50.5248
531	(1.0143202057025298+1.7041660194936155j)	0.3407440185546875	50.62013
532	(0.9830867208091167+1.6789223500779564j)	0.3452482223510742	50.71546
533	(0.9520895770482556+1.652307542056188j)	0.29095911979675293	50.81079
534	(0.9216461978892052+1.6253911625736703j)	0.31607913970947266	50.90612
535	(0.8921403190258153+1.5974495165335836j)	0.302509069442749	51.00144
536	(0.8628411302633772+1.5697533073635914j)	0.3172931671142578	51.09677
537	(0.8336744101019032+1.5409054485437865j)	0.3145279884338379	51.1921
538	(0.8056330114100878+1.5117684060291527j)	0.30047106742858887	51.28743
539	(0.7784768383212017+1.4818693427743417j)	0.4127957820892334	51.38276
540	(0.7511332072072463+1.4520320326299156j)	0.30612683296203613	51.47808
541	(0.7246427875400767+1.4209275040787557j)	0.33124876022338867	51.57341
542	(0.6986668926696541+1.3896595107221281j)	0.35628175735473633	51.66874
543	(0.6738659371868196+1.3578814820949399j)	0.3028109073638916	51.76407
544	(0.6487901606287838+1.325925482140373j)	0.2934000492095947	51.85939
545	(0.6248069521111911+1.292855392012311j)	0.3774840831756592	51.95472
546	(0.6013204632109386+1.259688100130047j)	0.2986409664154053	52.05005
547	(0.5789335152235351+1.2262194943468543j)	0.30402588844299316	52.14538
548	(0.5563121169551182+1.1923557973508103j)	0.306826114654541	52.24071
549	(0.5350163397742961+1.1575741318968702j)	0.2926769256591797	52.33603
550	(0.5141314867691374+1.122710755359589j)	0.2952251434326172	52.43136
551	(0.4943352495888005+1.0876418088375717j)	0.29705190658569336	52.52669
552	(0.47418910799611097+1.052023317303396j)	0.2911217212677002	52.62202
553	(0.4559895117267708+1.015654799836383j)	0.2906827926635742	52.71735
554	(0.43761744024903504+0.9794450603289205j)	0.30012011528015137	52.81267
555	(0.4205122328656895+0.9430397048769139j)	0.3286752700805664	52.908
556	(0.40338072818431114+0.9050987674247832j)	0.34242796897888184	53.00333
557	(0.3878386027496819+0.8683103504269019j)	0.3482050895690918	53.09866
558	(0.37222712239802735+0.8310475077383918j)	0.3293581008911133	53.19399
559	(0.35790824333494764+0.7931814612423149j)	0.3166048526763916	53.28931
560	(0.34355733774488817+0.7547299236742611j)	0.3038458824157715	53.38464
561	(0.33066839789208136+0.716116692016283j)	0.30425310134887695	53.47997
562	(0.3183315563372644+0.6777742456153681j)	0.3072488307952881	53.5753
563	(0.3067961566619296+0.6387438098919341j)	0.3009970188140869	53.67063
564	(0.2955865031435311+0.5993892578921641j)	0.30181193351745605	53.76595
565	(0.28611818683704404+0.5602349202945306j)	0.29834604263305664	53.86128
566	(0.27623833174859497+0.5208624650231088j)	0.2978060245513916	53.95661
567	(0.26777390567082054+0.48106690886181125j)	0.308513879776001	54.05194
568	(0.2598326429968266+0.44098843734702103j)	0.3006730079650879	54.14727
569	(0.25313654783736206+0.4012647574844302j)	0.28932714462280273	54.24259
570	(0.2462710933747768+0.36116379711102303j)	0.2909529209136963	54.33792
571	(0.24087167463369374+0.3208346341139671j)	0.28996896743774414	54.43325
572	(0.23605165840216122+0.28029434943634907j)	0.2947499752044678	54.52858
573	(0.23195240681629117+0.23965806235187953j)	0.2974388599395752	54.6239
574	(0.22858446972256885+0.19962454658293582j)	0.2886061668395996	54.71923
575	(0.2262606532826417+0.1590548055185636j)	0.2929232120513916	54.81456
576	(0.2245956650255173+0.11826138982955597j)	0.29871225357055664	54.90989
577	(0.22372341316464064+0.07816649251563115j)	0.29471898078918457	55.00522
578	(0.2232314191585118+0.03718868696778826j)	0.29060792922973633	55.10054
579	(0.22400390772643375-0.003392201849830065j)	0.28934192657470703	55.19587
580	(0.22554497581420446-0.044238817923535276j)	0.30553293228149414	55.2912
581	(0.22762900744290665-0.0842200148232394j)	0.29322075843811035	55.38653
582	(0.23025934470298726-0.1253377810611487j)	0.2906038761138916	55.48186
583	(0.23423851451333025-0.16553354842768458j)	0.2952139377593994	55.57718
584	(0.2388321057719966-0.20603619896810982j)	0.4068889617919922	55.67251
585	(0.24385748179837435-0.2458456848154717j)	0.3914070129394531	55.76784
586	(0.24975387005294225-0.28668644102420826j)	0.4162330627441406	55.86317
587	(0.25695070508815865-0.32631241433159164j)	0.4219779968261719	55.9585
588	(0.2643713859772922-0.3663888131206813j)	0.3538780212402344	56.05382
589	(0.27237137259860456-0.4057920615816317j)	0.3675241470336914	56.14915
590	(0.28153797600272035-0.44605282613889863j)	0.44045591354370117	56.24448
591	(0.29160126892943306-0.4848808823409413j)	0.41465187072753906	56.33981
592	(0.30181251372310824-0.5243595314956678j)	0.41702771186828613	56.43514
593	(0.31302481233947554-0.5631032249003404j)	0.3206048011779785	56.53046
594	(0.32531876818917727-0.6025172805431622j)	0.3850982189178467	56.62579
595	(0.33819104547622536-0.6404235452284445j)	0.4003288745880127	56.72112
596	(0.3514399386543968-0.6790083964833274j)	0.43390798568725586	56.81645
597	(0.3657429266779726-0.7170322584010107j)	0.41907310485839844	56.91178
598	(0.3809224965426118-0.7550957665200592j)	0.4270339012145996	57.0071
599	(0.3965280624559029-0.7919685217136959j)	0.376755952835083	57.10243
600	(0.41271631741695913-0.8294908235737879j)	0.38332104682922363	57.19776
601	(0.4298669072699344-0.8662693547389083j)	0.3947269916534424	57.29309
602	(0.4479474270427529-0.9031070965171167j)	0.42728090286254883	57.38841
603	(0.4662103615039379-0.9386268408218462j)	0.3718597888946533	57.48374
604	(0.48532711865796896-0.9748212138096354j)	0.2909409999847412	57.57907
605	(0.5052029294788618-1.010177205732453j)	0.30736398696899414	57.6744
606	(0.5260493330772501-1.0452490014754423j)	0.31911706924438477	57.76973
607	(0.5471403320178596-1.0803143973745737j)	0.2961580753326416	57.86505
608	(0.5687955579681455-1.1142164179047696j)	0.3031120300292969	57.96038
609	(0.5912986573149164-1.1479119918825473j)	0.2979462146759033	58.05571
610	(0.6147204027015483-1.1812352297795334j)	0.3091909885406494	58.15104
611	(0.637940039544866-1.2139861213965375j)	0.3021061420440674	58.24637
612	(0.6626301340173608-1.246789360590998j)	0.3000221252441406	58.34169
613	(0.6876175256083972-1.2786674869217431j)	0.29990196228027344	58.43702
614	(0.7134836514265004-1.3100404822469838j)	0.304901123046875	58.53235
615	(0.7391330656158452-1.3410590304866037j)	0.2981252670288086	58.62768
616	(0.7664929133573525-1.3719198689658292j)	0.2997868061065674	58.72301
617	(0.7936392345396126-1.4016763300844j)	0.3099329471588135	58.81833
618	(0.8218260140848715-1.4309550257634085j)	0.29931116104125977	58.91366
619	(0.8497544095462279-1.4600462645691659j)	0.29054999351501465	59.00899
620	(0.8794267118672932-1.4885979607836781j)	0.3090391159057617	59.10432
621	(0.9086288413950707-1.5159759953542307j)	0.31031084060668945	59.19965
622	(0.9389338807396777-1.543288175846016j)	0.37389206886291504	59.29497
623	(0.9690160873195584-1.5699696568946622j)	0.3519930839538574	59.3903
624	(1.000869717937115-1.5962977140390058j)	0.3874480724334717	59.48563
625	(1.0319740673509619-1.6214425055601107j)	0.29840612411499023	59.58096
626	(1.0642459458015852-1.6468195253276892j)	0.30011701583862305	59.67629
627	(1.0964971099245662-1.6709829454502336j)	0.2968251705169678	59.77161
628	(1.130166048797074-1.6943902219607327j)	0.286175012588501	59.86694
629	(1.163065642377453-1.7172018316284263j)	0.2893228530883789	59.96227
630	(1.1971792077508585-1.7398008652008072j)	0.3070509433746338	60.0576
631	(1.2312226232312968-1.7616246564549125j)	0.2893691062927246	60.15292
632	(1.266524004393422-1.7823480238916876j)	0.29070496559143066	60.24825
633	(1.3010420363442328-1.8026820401703478j)	0.4025380611419678	60.34358
634	(1.3368120955856568-1.8225427232426858j)	0.3440511226654053	60.43891
635	(1.3726315539538105-1.8415851670990626j)	0.34630298614501953	60.53424
636	(1.4091633205470488-1.8596160130232182j)	0.2930412292480469	60.62956
637	(1.4451382292728225-1.877376038531714j)	0.3296470642089844	60.72489
638	(1.4823353286879888-1.894387219233135j)	0.3888120651245117	60.82022
639	(1.5195291590812365-1.910621340520878j)	0.3810007572174072	60.91555
640	(1.5570457980513122-1.9257879502576056j)	0.3432760238647461	61.01088
641	(1.5945263988358784-1.9408621158829824j)	0.2976200580596924	61.1062
642	(1.6329104369523704-1.9549080934900622j)	0.41387486457824707	61.20153
643	(1.6712392303390826-1.9683030775671155j)	0.4055979251861572	61.29686
644	(1.7097414569443097-1.9805166294473424j)	0.43996310234069824	61.39219
645	(1.7483036162542498-1.9929236988102277j)	0.41144800186157227	61.48752
646	(1.7876515590150448-2.0037651949879045j)	0.31145596504211426	61.58284
647	(1.8268539325644382-2.014182058849615j)	0.3716390132904053	61.67817
648	(1.8661195745482138-2.0234528472448376j)	0.3111269474029541	61.7735
649	(1.9056499125271051-2.032901174977655j)	0.2914581298828125	61.86883
650	(1.9457801627939726-2.0404685704664036j)	0.2942171096801758	61.96416
651	(1.9853803003230643-2.0481018854291477j)	0.2931230068206787	62.05948
652	(2.025334277942868-2.054342205023805j)	0.2879822254180908	62.15481
653	(2.0655316639149905-2.060721911868177j)	0.31653690338134766	62.25014
654	(2.106050059573014-2.065198326214448j)	0.3173069953918457	62.34547
655	(2.1459583769504196-2.0697421814778156j)	0.28968191146850586	62.4408
656	(2.186415264390213-2.073007778988698j)	0.30007100105285645	62.53612
657	(2.2270836731020665-2.076278211223383j)	0.3009800910949707	62.63145
658	(2.267410482186819-2.0775155905819926j)	0.29865407943725586	62.72678
659	(2.3079099744572646-2.0794440281210265j)	0.30390191078186035	62.82211
660	(2.348776984954779-2.0792539136923804j)	0.30675721168518066	62.91743
661	(2.3893067463357545-2.079379176666376j)	0.3137221336364746	63.01276
662	(2.42971832120818-2.0779303299174883j)	0.32657480239868164	63.10809
663	(2.470062448196053-2.076145141929189j)	0.30043888092041016	63.20342
664	(2.51072681911656-2.0733301961320327j)	0.30002784729003906	63.29875
665	(2.5512919350133876-2.070114693748134j)	0.3420588970184326	63.39407
666	(2.5913903530064757-2.065278477581475j)	0.3372621536254883	63.4894
667	(2.6317154407773256-2.060677640975127j)	0.34229516983032227	63.58473
668	(2.671782216259852-2.0548190416332686j)	0.33567214012145996	63.68006
669	(2.7119224039610943-2.0483062943723582j)	0.3076810836791992	63.77539
670	(2.7515625591775255-2.0406723401502926j)	0.2989501953125	63.87071
671	(2.791324258374285-2.0331273666489125j)	0.3193373680114746	63.96604
672	(2.8309605125039656-2.0240856949821495j)	0.4304361343383789	64.06137
673	(2.87053248057389-2.014556710874042j)	0.3302879333496094	64.1567
674	(2.9094380448494834-2.0040225847275743j)	0.29715919494628906	64.25203
675	(2.9485248868473324-1.9933709504165982j)	0.3004117012023926	64.34735
676	(2.987470965860624-1.9812319455663991j)	0.31075191497802734	64.44268
677	(3.0259911723986086-1.968625622114537j)	0.37940216064453125	64.53801
678	(3.063841731027937-1.9554002790535487j)	0.38441991806030273	64.63334
679	(3.1023674449661955-1.9417144339408412j)	0.30309104919433594	64.72867
680	(3.1399370601074947-1.926678311258354j)	0.31957197189331055	64.82399
681	(3.177492247949597-1.9111675571421145j)	0.3420238494873047	64.91932
682	(3.214256980855217-1.89505156149188j)	0.377269983291626	65.01465
683	(3.251696255446901-1.8783800251357716j)	0.3077242374420166	65.10998
684	(3.287781151871842-1.8603481470424885j)	0.3221750259399414	65.20531
685	(3.3240828823432893-1.8422755903865886j)	0.30746006965637207	65.30063
686	(3.3595716472136-1.8234575327394145j)	0.29317188262939453	65.39596
687	(3.3955875509544464-1.8038929886513855j)	0.3029928207397461	65.49129
688	(3.430198350175115-1.783189040406082j)	0.3300590515136719	65.58662
689	(3.465108375343804-1.7623437222837968j)	0.30310916900634766	65.68194
690	(3.4990479632539473-1.740960154379958j)	0.3084888458251953	65.77727
691	(3.5330693819979504-1.7185438972972222j)	0.34143710136413574	65.8726
692	(3.5662973083302427-1.6953976651740297j)	0.32918381690979004	65.96793
693	(3.5994989372737107-1.6721601790182494j)	0.3326711654663086	66.06326
694	(3.6316674274359615-1.6480679127401268j)	0.38440489768981934	66.15858
695	(3.6643456407544526-1.6229370742955682j)	0.3444540500640869	66.25391
696	(3.6952968765374328-1.5974929367482584j)	0.48572373390197754	66.34924
697	(3.7267098449381324-1.5717029582763635j)	0.32423996925354004	66.44457
698	(3.7571528758210326-1.5450321768370654j)	0.3748178482055664	66.5399
699	(3.787507920397038-1.5176279580375172j)	0.38538503646850586	66.63522
700	(3.816415294631697-1.4900128145844576j)	0.3913888931274414	66.73055
701	(3.8457962608579352-1.461868930175624j)	0.32195281982421875	66.82588
702	(3.8741291562571902-1.4329155494524768j)	0.3915081024169922	66.92121
703	(3.90186694638618-1.4033582476969246j)	0.3400390148162842	67.01654
704	(3.928989342934359-1.3736389273351044j)	0.3388540744781494	67.11186
705	(3.956160088074252-1.3432093036605042j)	0.40120601654052734	67.20719
706	(3.982176484163573-1.3122194744648588j)	0.4025990962982178	67.30252
707	(4.00773913688606-1.2805433764697771j)	0.3226432800292969	67.39785
708	(4.03278352932623-1.248968597242934j)	0.3119370937347412	67.49318
709	(4.057101913247747-1.21635059981181j)	0.3143942356109619	67.5885
710	(4.080687775502635-1.1836535426526682j)	0.30417799949645996	67.68383
711	(4.103993596906519-1.150610039630632j)	0.3036668300628662	67.77916
712	(4.126002546726421-1.1168690719656131j)	0.3250420093536377	67.87449
713	(4.148215768674521-1.082274843815382j)	0.31049489974975586	67.96982
714	(4.168355104254233-1.045947840779417j)	0.27838611602783203	68.06514
715	(4.189400728420066-1.0127601697363156j)	0.29532790184020996	68.16047
716	(4.2092034967043075-0.9779109457121247j)	0.3035621643066406	68.2558
717	(4.2285846962669265-0.9416871681216541j)	0.30901312828063965	68.35113
718	(4.246777272905135-0.905806264319496j)	0.2957019805908203	68.44645
719	(4.264360143944105-0.8692549841693453j)	0.3048689365386963	68.54178
720	(4.281548094030704-0.8329457192067133j)	0.4069521427154541	68.63711
721	(4.297961780055625-0.795280345908622j)	0.36096715927124023	68.73244
722	(4.313211912644958-0.7583194281356307j)	0.47264909744262695	68.82777
723	(4.328166606645349-0.7204854291318783j)	0.34261512756347656	68.92309
724	(4.342588965659268-0.6828949205095205j)	0.3280608654022217	69.01842
725	(4.356006194241814-0.6440721936379061j)	0.37993788719177246	69.11375
726	(4.368422414483664-0.6061326561370157j)	0.343228816986084	69.20908
727	(4.380671455007965-0.5672677728651052j)	0.39195895195007324	69.30441
728	(4.391979761691247-0.5285953188648675j)	0.3497128486633301	69.39973
729	(4.4022498090249345-0.48891251266519853j)	0.3505568504333496	69.49506
730	(4.411863695809674-0.4501966524380616j)	0.32982492446899414	69.59039
731	(4.421033109113523-0.41041466841886387j)	0.36361193656921387	69.68572
732	(4.429244521512376-0.3708235869030505j)	0.31894969940185547	69.78105
733	(4.436493168940326-0.33068357842995555j)	0.3762218952178955	69.87637
734	(4.443251028037451-0.29132214806485446j)	0.3345198631286621	69.9717
735	(4.449151917763036-0.2510080827269101j)	0.4478111267089844	70.06703
736	(4.454482375919968-0.21085011087446626j)	0.33980894088745117	70.16236
737	(4.458567978178193-0.17047540663333427j)	0.3594210147857666	70.25769
738	(4.462402105772084-0.13053260358914254j)	0.31382203102111816	70.35301
739	(4.465298829214612-0.08978710070261386j)	0.34984898567199707	70.44834
740	(4.467402471525018-0.04941153111922314j)	0.3316769599914551	70.54367
741	(4.4683894986608435-0.008928713170347269j)	0.31926512718200684	70.639
742	(4.469403626019335+0.03128830387078696j)	0.35942721366882324	70.73433
743	(4.468926199207944+0.07215964009231834j)	0.34973692893981934	70.82965
744	(4.467926281126545+0.11252688912503639j)	0.35383105278015137	70.92498
745	(4.465867072582906+0.15296609780367354j)	0.3369159698486328	71.02031
746	(4.463802688078016+0.19317036572467172j)	0.29985976219177246	71.11564
747	(4.460222942043139+0.23383168159126888j)	0.3367350101470947	71.21096
748	(4.45609543693804+0.2740266365494741j)	0.330920934677124	71.30629
749	(4.450958008495297+0.3140686716937324j)	0.3263509273529053	71.40162
750	(4.445847634881862+0.35418680352152787j)	0.3544168472290039	71.49695
751	(4.4389319486386505+0.39448692616139036j)	0.3743739128112793	71.59228
752	(4.43195439921266+0.4341529426368722j)	0.3127720355987549	71.6876
753	(4.423800376277449+0.47368474121076387j)	0.33132266998291016	71.78293
754	(4.415625943940029+0.5133534692978545j)	0.34197187423706055	71.87826
755	(4.405574846908339+0.5529168627220344j)	0.2986180782318115	71.97359
756	(4.395500710236067+0.591649668531281j)	0.32901620864868164	72.06892
757	(4.3845577454336375+0.6307241566388364j)	0.33766603469848633	72.16424
758	(4.371973071064213+0.6692589650626983j)	0.39103102684020996	72.25957
759	(4.360288926031795+0.7083300821510558j)	0.36229991912841797	72.3549
760	(4.347532530894973+0.7463500614164099j)	0.3940129280090332	72.45023
761	(4.333502495633654+0.7845856194218791j)	0.3495938777923584	72.54556
762	(4.31916441052899+0.8224619834289012j)	0.4476349353790283	72.64088
763	(4.303286232407859+0.8596591278384206j)	0.37646913528442383	72.73621
764	(4.287654227056449+0.8968092493809313j)	0.37448787689208984	72.83154
765	(4.270735876051619+0.933876135026336j)	0.44945788383483887	72.92687
766	(4.253320916487669+0.9704984803859019j)	0.305875301361084	73.0222
767	(4.235170076281641+1.0066317456836735j)	0.3097858428955078	73.11752
768	(4.216454332402909+1.042322969429627j)	0.32683539390563965	73.21285
769	(4.196671945069003+1.0779115872921938j)	0.29379820823669434	73.30818
770	(4.17651083920592+1.1130692715036368j)	0.29428696632385254	73.40351
771	(4.155481565073165+1.1474643938993703j)	0.30867481231689453	73.49884
772	(4.134332603155983+1.1819313420757784j)	0.36082911491394043	73.59416
773	(4.111757992679673+1.2160771575053229j)	0.36531805992126465	73.68949
774	(4.08906967116735+1.2494283169707021j)	0.29831981658935547	73.78482
775	(4.065518134341672+1.2820803460068744j)	0.3157079219818115	73.88015
776	(4.041765172594464+1.3149176410808352j)	0.39037394523620605	73.97547
777	(4.016775952069107+1.3469905253305436j)	0.40976905822753906	74.0708
778	(3.9914585150849975+1.3786862045381467j)	0.3614227771759033	74.16613
779	(3.965571185280164+1.4094341025263608j)	0.3167858123779297	74.26146
780	(3.9385425745425535+1.4410461949189335j)	0.3654630184173584	74.35679
781	(3.911915867149074+1.4704459149745157j)	0.3452129364013672	74.45211
782	(3.884301156204255+1.5001340130841994j)	0.35858988761901855	74.54744
783	(3.8561471703983283+1.528815170280386j)	0.34560704231262207	74.64277
784	(3.8275011612703844+1.5578761285812959j)	0.37358593940734863	74.7381
785	(3.797774997864096+1.585402249896273j)	0.31238722801208496	74.83343
786	(3.76810382682313+1.612985393292303j)	0.29752397537231445	74.92875
787	(3.7379308472900847+1.6395179115982146j)	0.34704160690307617	75.02408
788	(3.7070173819271006+1.6662926543300711j)	0.36609482765197754	75.11941
789	(3.6753913497062998+1.6913793737320406j)	0.3569490909576416	75.21474
790	(3.643901683088509+1.7166761126790429j)	0.3026421070098877	75.31007
791	(3.6115822503633663+1.7408692867497897j)	0.30235910415649414	75.40539
792	(3.5782892928698455+1.7650823478693005j)	0.30487918853759766	75.50072
793	(3.5454523660827237+1.787864307674817j)	0.30990076065063477	75.59605
794	(3.511858457185589+1.8106280853994279j)	0.29276204109191895	75.69138
795	(3.477661320747468+1.8324470693629848j)	0.3480401039123535	75.78671
796	(3.443022746036335+1.8539956063439957j)	0.37272000312805176	75.88203
797	(3.4081469616984728+1.873941305183087j)	0.3527359962463379	75.97736
798	(3.3730621994583014+1.894246524588854j)	0.31740903854370117	76.07269
799	(3.3372545649105514+1.9134369469315025j)	0.32741880416870117	76.16802
800	(3.301092623172697+1.9320048324490697j)	0.3007969856262207	76.26335
801	(3.2647753459103708+1.9494668111007811j)	0.3124387264251709	76.35867
802	(3.2281377253599857+1.966856296694398j)	0.313277006149292	76.454
803	(3.1911219321493114+1.9833131529489767j)	0.3035249710083008	76.54933
804	(3.1535975387640853+1.999067697902308j)	0.3095359802246094	76.64466
805	(3.116232035880143+2.0137684544449233j)	0.3098628520965576	76.73998
806	(3.078322936240668+2.0284871131439197j)	0.30423903465270996	76.83531
807	(3.0400349398637454+2.0419283943356907j)	0.30441880226135254	76.93064
808	(3.0014596516738634+2.054754197918826j)	0.32064294815063477	77.02597
809	(2.9629967043458665+2.066681491151683j)	0.3187887668609619	77.1213
810	(2.924032863000921+2.0783791271783256j)	0.30645108222961426	77.21662
811	(2.884895309239868+2.0888026223158556j)	0.2949199676513672	77.31195
812	(2.84546290346168+2.0986559710020907j)	0.2935750484466553	77.40728
813	(2.8063772703738095+2.1077301859032933j)	0.2953321933746338	77.50261
814	(2.7655611459560157+2.116595608296751j)	0.29904794692993164	77.59794
815	(2.7266587719804862+2.123732897864336j)	0.2962219715118408	77.69326
816	(2.6865850602409203+2.1304862612240436j)	0.30869603157043457	77.78859
817	(2.6469011026842253+2.136631350992377j)	0.29877710342407227	77.88392
818	(2.606187812500132+2.1421300355329294j)	0.2925550937652588	77.97925
819	(2.5662273101710036+2.1462651863268243j)	0.29227590560913086	78.07458
820	(2.5257422626595454+2.1501839242387044j)	0.2962009906768799	78.1699
821	(2.485665096796638+2.153329558723984j)	0.2936289310455322	78.26523
822	(2.444960954560113+2.1555920526310963j)	0.3087341785430908	78.36056
823	(2.40457847998184+2.156707205568685j)	0.29294490814208984	78.45589
824	(2.3638704625414517+2.157688783583409j)	0.2971608638763428	78.55122
825	(2.323606276916956+2.1576271802815463j)	0.29523205757141113	78.64654
826	(2.282489307817281+2.1566256599183986j)	0.29141902923583984	78.74187
827	(2.2425023228297096+2.1548379800160697j)	0.29724693298339844	78.8372
828	(2.2017757449619064+2.1526445988890996j)	0.2980961799621582	78.93253
829	(2.1614415287056747+2.149444231312108j)	0.30339574813842773	79.02786
830	(2.120749886627177+2.1453720404298515j)	0.2901771068572998	79.12318
831	(2.081044137838517+2.1405841312266487j)	0.29523205757141113	79.21851
832	(2.0406339651489303+2.13531446719524j)	0.292553186416626	79.31384
833	(2.0006024632520223+2.1289664043224485j)	0.30522918701171875	79.40917
834	(1.960399813238709+2.121750248115628j)	0.37213706970214844	79.50449
835	(1.9210829040225041+2.1140685940439923j)	0.2960848808288574	79.59982
836	(1.8811717140014834+2.1056680483072903j)	0.29871320724487305	79.69515
837	(1.841789122749414+2.0962778994051674j)	0.30150294303894043	79.79048
838	(1.8024071431531976+2.086015835365155j)	0.296079158782959	79.88581
839	(1.763701748383653+2.075425109518854j)	0.2918667793273926	79.98113
840	(1.7244230392155842+2.063919769304263j)	0.3502919673919678	80.07646
841	(1.6858793983754243+2.0516063844148418j)	0.49871301651000977	80.17179
842	(1.647489892298241+2.038353487029222j)	0.3407890796661377	80.26712
843	(1.6095342448153442+2.0250219764929023j)	0.29247593879699707	80.36245
844	(1.571338945141262+2.0103288373211265j)	0.292600154876709	80.45777
845	(1.5338189261510158+1.995140836997052j)	0.2949960231781006	80.5531
846	(1.4966042926308638+1.979013863306613j)	0.2981851100921631	80.64843
847	(1.459652077051357+1.9628366810235365j)	0.2931227684020996	80.74376
848	(1.4226943164924963+1.94509240968612j)	0.32770729064941406	80.83909
849	(1.3866181884451265+1.9272000262822804j)	0.3415389060974121	80.93441
850	(1.3506656662077292+1.908367675036566j)	0.4653482437133789	81.02974
851	(1.3150289881482218+1.8894090799225967j)	0.4118630886077881	81.12507
852	(1.2794825839470958+1.868807165976572j)	0.3915719985961914	81.2204
853	(1.2450756842901054+1.8483350196813906j)	0.30199503898620605	81.31573
854	(1.21060536547647+1.8267571614468738j)	0.2977030277252197	81.41105
855	(1.1763544670697883+1.805121433554081j)	0.31199002265930176	81.50638
856	(1.1426411582544849+1.781860544237582j)	0.30440211296081543	81.60171
857	(1.1098168605280905+1.7589084964926256j)	0.29206395149230957	81.69704
858	(1.0768561204088758+1.7348151347884162j)	0.38053011894226074	81.79237
859	(1.0445599736151971+1.7105093302350283j)	0.5157392024993896	81.88769
860	(1.012814809768066+1.6847254354982613j)	0.3997509479522705	81.98302
861	(0.9817315146677492+1.6593653553210919j)	0.3895270824432373	82.07835
862	(0.9507019868112345+1.6328384769389226j)	0.3749420642852783	82.17368
863	(0.9202879199343962+1.6060634751599094j)	0.36232805252075195	82.269
864	(0.8907682137481554+1.5779113060212382j)	0.33773326873779297	82.36433
865	(0.8616032750222363+1.5503555164036253j)	0.32871198654174805	82.45966
866	(0.832742202440973+1.5214664253139838j)	0.4203169345855713	82.55499
867	(0.804549179802353+1.4923170481710002j)	0.32416272163391113	82.65032
868	(0.7771500244038541+1.4622388514845102j)	0.32618093490600586	82.74564
869	(0.7501501130762296+1.4324744392183972j)	0.32303285598754883	82.84097
870	(0.7238749533994449+1.4015624850126709j)	0.3794679641723633	82.9363
871	(0.6977019013027081+1.3702116264805753j)	0.3438389301300049	83.03163
872	(0.6727507034877729+1.33832510363754j)	0.3543221950531006	83.12696
873	(0.6479196535744661+1.306445810622013j)	0.3008458614349365	83.22228
874	(0.6238386231610331+1.2734337292282825j)	0.31884288787841797	83.31761
875	(0.6004471897644714+1.2403166189325605j)	0.4824669361114502	83.41294
876	(0.57798233767465+1.206688553650328j)	0.31097984313964844	83.50827
877	(0.5555239122264575+1.1728944216301258j)	0.32743406295776367	83.6036
878	(0.5342464609076021+1.138143186758986j)	0.38704681396484375	83.69892
879	(0.513397817140152+1.1033788756896j)	0.3023407459259033	83.79425
880	(0.4935796377718987+1.0682030409661896j)	0.3511819839477539	83.88958
881	(0.4736491696402802+1.0327906488914063j)	0.33831286430358887	83.98491
882	(0.45526111524990126+0.9963747990705174j)	0.3339099884033203	84.08024
883	(0.43702799862036573+0.9602504808180848j)	0.3592491149902344	84.17556
884	(0.41967173768305593+0.9236163806098769j)	0.32994818687438965	84.27089
885	(0.40274744074601126+0.8867351312545732j)	0.3194596767425537	84.36622
886	(0.3871976272113182+0.8493926301079553j)	0.3565208911895752	84.46155
887	(0.3718152418704448+0.8118953650346215j)	0.3802371025085449	84.55688
888	(0.35747830439575706+0.7739727972959505j)	0.32054805755615234	84.6522
889	(0.34310512754774425+0.7364589329947901j)	0.33931994438171387	84.74753
890	(0.33061627351702005+0.6971035664045258j)	0.33908581733703613	84.84286
891	(0.3180193614153063+0.6587961661829714j)	0.3415970802307129	84.93819
892	(0.30670568904444073+0.6199383676714877j)	0.31340885162353516	85.03351
893	(0.2953387218794576+0.5805855535044389j)	0.2956709861755371	85.12884
894	(0.28578223839655603+0.5412559603207201j)	0.30443692207336426	85.22417
895	(0.2760770574858887+0.5020327350501905j)	0.30227208137512207	85.3195
896	(0.26751634058699025+0.46217695658596913j)	0.29378604888916016	85.41483
897	(0.259454378322857+0.42227594760690357j)	0.30452823638916016	85.51015
898	(0.25296558858189433+0.3824297510279413j)	0.33237290382385254	85.60548
899	(0.24619857736083123+0.34247004625383737j)	0.3287951946258545	85.70081
900	(0.2408125278930162+0.3021455591015304j)	0.3285400867462158	85.79614
901	(0.23595207844377986+0.26178257823995876j)	0.3280327320098877	85.89147
902	(0.23226404565877407+0.22155531022717245j)	0.3331420421600342	85.98679
903	(0.2285618191385363+0.18112545578140438j)	0.33440399169921875	86.08212
904	(0.22627216566787134+0.14053556543411128j)	0.348294734954834	86.17745
905	(0.22453779329203968+0.0999380527125445j)	0.3291950225830078	86.27278
906	(0.2237454940935295+0.05971048135698304j)	0.3155050277709961	86.36811
907	(0.22336534552245685+0.01884510646313807j)	0.2987377643585205	86.46343
908	(0.22411533701488978-0.021714155050633774j)	0.3187978267669678	86.55876
909	(0.22560352095162964-0.06247023080409313j)	0.31312108039855957	86.65409
910	(0.22781371938273-0.10253081583369918j)	0.29116106033325195	86.74942
911	(0.23032731456657607-0.14342924893109166j)	0.2992830276489258	86.84475
912	(0.23432503776322783-0.18365270780641968j)	0.3802320957183838	86.94007
913	(0.2389015551284719-0.22406545362824998j)	0.34752416610717773	87.0354
914	(0.244088135464115-0.2639636914000043j)	0.29762983322143555	87.13073
915	(0.24986925830469647-0.30455605789040624j)	0.30721497535705566	87.22606
916	(0.2571382487955767-0.34433154993474907j)	0.3094179630279541	87.32139
917	(0.26446428943634087-0.3843466904267627j)	0.45205092430114746	87.41671
918	(0.2726555221349136-0.4236713827735026j)	0.33072805404663086	87.51204
919	(0.28165188512438055-0.4637379949205492j)	0.3571038246154785	87.60737
920	(0.29174294821582214-0.5027755992499167j)	0.29989004135131836	87.7027
921	(0.302170328970086-0.5421353608929501j)	0.2916259765625	87.79802
922	(0.3133248185108911-0.5807813720738297j)	0.28942394256591797	87.89335
923	(0.32540571132224766-0.6200566810136455j)	0.2919940948486328	87.98868
924	(0.33843475050929994-0.6580919583371522j)	0.2922658920288086	88.08401
925	(0.35169352210878924-0.6965261626930421j)	0.2927827835083008	88.17934
926	(0.36586760110664146-0.7343225368638787j)	0.2927360534667969	88.27466
927	(0.38099327036928543-0.7725174930445784j)	0.31321287155151367	88.36999
928	(0.3967610940478784-0.8094180809754163j)	0.33974194526672363	88.46532
929	(0.4131708885870533-0.8464374454463963j)	0.3410482406616211	88.56065
930	(0.4300857646063612-0.8835680821372218j)	0.33838701248168945	88.65598
931	(0.4480375070162604-0.920313792689583j)	0.3358278274536133	88.7513
932	(0.46653112791639256-0.9558728926992468j)	0.3237128257751465	88.84663
933	(0.48551769191978567-0.9919835000428756j)	0.3344700336456299	88.94196
934	(0.5054204909666274-1.027285372342892j)	0.3090081214904785	89.03729
935	(0.5261940580257407-1.0624080432214555j)	0.3004798889160156	89.13262
936	(0.5471579721309393-1.0966339613789662j)	0.2895960807800293	89.22794
937	(0.5689635321994835-1.1312179581739286j)	0.28903794288635254	89.32327
938	(0.5914721550411188-1.164858830579165j)	0.2914919853210449	89.4186
939	(0.6147682320226122-1.1981890749007458j)	0.2980220317840576	89.51393
940	(0.6381525458693247-1.230813634537447j)	0.28951597213745117	89.60926
941	(0.6627314828464217-1.2636119400925703j)	0.2909209728240967	89.70458
942	(0.6877227078782927-1.2953903292449187j)	0.29330897331237793	89.79991
943	(0.7135327716817664-1.3269633913639425j)	0.3122289180755615	89.89524
944	(0.7393443625377423-1.3577303115971613j)	0.33284521102905273	89.99057
945	(0.7664660558175623-1.3886362226171176j)	0.33620119094848633	90.0859
946	(0.7937031830736682-1.4183313917908573j)	0.3463778495788574	90.18122
947	(0.8218603825733973-1.447705352218319j)	0.3151280879974365	90.27655
948	(0.8498690267330523-1.4765358532837594j)	0.2917916774749756	90.37188
949	(0.8793273766172371-1.505188464281705j)	0.29304027557373047	90.46721
950	(0.9087221974966243-1.5327302706273103j)	0.29825401306152344	90.56253
951	(0.9389365948900638-1.5598696559359704j)	0.28896403312683105	90.65786
952	(0.9691373307259055-1.5865897629542318j)	0.2912571430206299	90.75319
953	(1.0007426372534034-1.6127738282947064j)	0.2895050048828125	90.84852
954	(1.032018221457859-1.6378651342994328j)	0.28826093673706055	90.94385
955	(1.0642963263375202-1.662829307545508j)	0.29369688034057617	91.03917
956	(1.0964401825924686-1.687180889252023j)	0.2930319309234619	91.1345
957	(1.1299758249234386-1.7108146732906317j)	0.2939310073852539	91.22983
958	(1.163008694081417-1.7335036806425297j)	0.3006401062011719	91.32516
959	(1.1970931960398024-1.7560580932995036j)	0.2989628314971924	91.42049
960	(1.2318634093425416-1.7785113201968668j)	0.28981590270996094	91.51581
961	(1.2662725352587345-1.7986753532683775j)	0.29711127281188965	91.61114
962	(1.300914070870197-1.8188643387204524j)	0.29473876953125	91.70647
963	(1.3365827922574491-1.8387726387692365j)	0.29141902923583984	91.8018
964	(1.3723880360551628-1.8577490157492447j)	0.3075239658355713	91.89713
965	(1.408821003796559-1.875954359390855j)	0.29898500442504883	91.99245
966	(1.4449205243684062-1.8934857046118108j)	0.29831504821777344	92.08778
967	(1.4820783019398474-1.910551802830975j)	0.30157995223999023	92.18311
968	(1.5191932660499998-1.926757732493486j)	0.31032395362854004	92.27844
969	(1.5568222237423168-1.941985984395749j)	0.2989060878753662	92.37377
970	(1.5942255185450782-1.9568952966760373j)	0.29908084869384766	92.46909
971	(1.6325852551654725-1.9710447732877039j)	0.2979001998901367	92.56442
972	(1.6708434738052684-1.9843303603735656j)	0.30667710304260254	92.65975
973	(1.7094286476218352-1.996622579943591j)	0.3042020797729492	92.75508
974	(1.7478769966898333-2.0088557771262137j)	0.29523706436157227	92.85041
975	(1.7872604187231382-2.019861683184037j)	0.3145759105682373	92.94573
976	(1.826395474186323-2.0302209295179976j)	0.29860973358154297	93.04106
977	(1.8657535593099657-2.0395292460442422j)	0.2951838970184326	93.13639
978	(1.905257789042429-2.0488165406231293j)	0.29149603843688965	93.23172
979	(1.9451819542863817-2.0567455130927677j)	0.30134010314941406	93.32704
980	(1.9849917763039464-2.064093258133353j)	0.31433987617492676	93.42237
981	(2.0249495438259224-2.07040210702518j)	0.2978072166442871	93.5177
982	(2.0649724682062693-2.0767057307324466j)	0.2967350482940674	93.61303
983	(2.1055874739557376-2.081343057709212j)	0.2970759868621826	93.70836
984	(2.145713728602227-2.085754501511122j)	0.2987179756164551	93.80368
985	(2.1859786975006195-2.0890902805224068j)	0.358151912689209	93.89901
986	(2.2264236703841385-2.092215385170228j)	0.3394479751586914	93.99434
987	(2.2672120875259907-2.0937584544177783j)	0.32779383659362793	94.08967
988	(2.3073586349916755-2.0950748321563912j)	0.3089010715484619	94.185
989	(2.3479925551625707-2.0955273224668405j)	0.30422091484069824	94.28032
990	(2.3886662559634253-2.0954321971149685j)	0.29686617851257324	94.37565
991	(2.4293185916345914-2.093793743940168j)	0.2924642562866211	94.47098
992	(2.4698200731234023-2.091735929929646j)	0.30193090438842773	94.56631
993	(2.5101698535987147-2.089422138064455j)	0.39448976516723633	94.66164
994	(2.550624996068487-2.0862246824925275j)	0.4242990016937256	94.75696
995	(2.5908730170617913-2.0813844740422085j)	0.37612104415893555	94.85229
996	(2.6309409049878103-2.0768730948684406j)	0.29094386100769043	94.94762
997	(2.671233982731709-2.0709640907728692j)	0.30210185050964355	95.04295
998	(2.7113711482316396-2.064491313968751j)	0.2941288948059082	95.13828
999	(2.751104428265535-2.0569074224791004j)	0.29307079315185547	95.2336
