	res_adaptive	time_adaptive	w
0	(1.0281684915639873-0.02704947392795972j)	0.10590696334838867	0.001
1	(1.282244237298318-0.2927521967618366j)	0.09490299224853516	0.09633
2	(1.408645996142549-0.4177184885689664j)	0.10140705108642578	0.19166
3	(1.5134376687177669-0.5124270942545698j)	0.0837550163269043	0.28698
4	(1.6086159622129375-0.5897548193019625j)	0.08612298965454102	0.38231
5	(1.6981908775788515-0.6550098142257799j)	0.09445810317993164	0.47764
6	(1.7845649026901391-0.7106749707819491j)	0.09067535400390625	0.57297
7	(1.868593334828917-0.7581668564934658j)	0.09258294105529785	0.6683
8	(1.951090851315322-0.7985996619668547j)	0.0901179313659668	0.76362
9	(2.0324745904953345-0.8324448214708626j)	0.08212518692016602	0.85895
10	(2.112946702553071-0.8604297693555804j)	0.0856781005859375	0.95428
11	(2.192656666436419-0.8826679878645669j)	0.10651803016662598	1.04961
12	(2.271512251425851-0.8996036617100007j)	0.08347296714782715	1.14494
13	(2.3496332595933835-0.9113672434890073j)	0.0971221923828125	1.24026
14	(2.4268650766591224-0.9180958255506674j)	0.08504390716552734	1.33559
15	(2.5032747239170012-0.9200230277925447j)	0.0839698314666748	1.43092
16	(2.5786138285119664-0.9172580750641127j)	0.0984649658203125	1.52625
17	(2.6528925557422283-0.9098453130116559j)	0.09270811080932617	1.62157
18	(2.7258272021180785-0.8979951768020571j)	0.08324098587036133	1.7169
19	(2.797386632659345-0.8818351498374353j)	0.0843801498413086	1.81223
20	(2.867359094228995-0.8613439310175796j)	0.09942293167114258	1.90756
21	(2.9356325747244503-0.8367142748709028j)	0.08317780494689941	2.00289
22	(3.0020460223825896-0.8081272844898765j)	0.08668184280395508	2.09821
23	(3.0663630114369878-0.7756053522590234j)	0.09802699089050293	2.19354
24	(3.128539389707579-0.7392674978949098j)	0.08285069465637207	2.28887
25	(3.1883060837830164-0.6993322096068609j)	0.09380102157592773	2.3842
26	(3.245557551342842-0.6558715025554519j)	0.09568428993225098	2.47953
27	(3.300163246811858-0.6090458149637746j)	0.0827329158782959	2.57485
28	(3.351921806044126-0.5589410544701454j)	0.11040592193603516	2.67018
29	(3.400698935460213-0.5058326033076728j)	0.09746503829956055	2.76551
30	(3.4463513867609064-0.4497510570852962j)	0.08197593688964844	2.86084
31	(3.4887192748795615-0.3909683910372548j)	0.08193802833557129	2.95617
32	(3.5277327336162054-0.3296787022141392j)	0.09491705894470215	3.05149
33	(3.5631653321469137-0.2659707578475486j)	0.0846700668334961	3.14682
34	(3.5949736452411267-0.20010356719750966j)	0.08263111114501953	3.24215
35	(3.6230693907299822-0.1322432790828007j)	0.10251402854919434	3.33748
36	(3.6473235669723825-0.06261316833170555j)	0.08312177658081055	3.43281
37	(3.6676207088791424+0.008536336586741189j)	0.09742093086242676	3.52813
38	(3.6839291414331425+0.08112185456976523j)	0.08871889114379883	3.62346
39	(3.6961385000800107+0.15480413480885497j)	0.08423876762390137	3.71879
40	(3.7042621072413398+0.22941334150467643j)	0.08279585838317871	3.81412
41	(3.7081507783636605+0.3047081305917187j)	0.10044574737548828	3.90945
42	(3.7078240273525793+0.3804333616407534j)	0.08339786529541016	4.00477
43	(3.7033028412329783+0.45644757977427847j)	0.08306097984313965	4.1001
44	(3.694470879128601+0.5324502765827074j)	0.0956108570098877	4.19543
45	(3.6814505555781416+0.6082218434788571j)	0.0871729850769043	4.29076
46	(3.6641278369878987+0.6835187186996698j)	0.09277701377868652	4.38608
47	(3.6426254387267654+0.758150112263569j)	0.08779501914978027	4.48141
48	(3.6169766581930207+0.8318343957906313j)	0.08258795738220215	4.57674
49	(3.587145868717958+0.9043897063976736j)	0.10201382637023926	4.67207
50	(3.55326141612654+0.9755560187786545j)	0.14582204818725586	4.7674
51	(3.5154360263834796+1.0451421091014503j)	0.12074708938598633	4.86272
52	(3.4736625030964206+1.1128991877833139j)	0.1265108585357666	4.95805
53	(3.4281208203164706+1.1786140871822874j)	0.08063411712646484	5.05338
54	(3.3788380921868604+1.242112507581155j)	0.08389830589294434	5.14871
55	(3.325992734908225+1.3031387706301105j)	0.1145021915435791	5.24404
56	(3.2697282639976937+1.3615566686122929j)	0.08173799514770508	5.33936
57	(3.210116763290688+1.4171502435136447j)	0.10164403915405273	5.43469
58	(3.147374865428794+1.4697107294613674j)	0.08446288108825684	5.53002
59	(3.0816547608880485+1.519126826027425j)	0.0825810432434082	5.62535
60	(3.013129641742987+1.565170921255163j)	0.09290909767150879	5.72068
61	(2.941948717292745+1.607733445398162j)	0.10093212127685547	5.816
62	(2.8683055705639005+1.6466193564970864j)	0.08213591575622559	5.91133
63	(2.792441571834339+1.6817329738298754j)	0.0835111141204834	6.00666
64	(2.714490381984383+1.7129602494137637j)	0.09909391403198242	6.10199
65	(2.634739626865046+1.74017740585791j)	0.0830378532409668	6.19732
66	(2.5533421790421977+1.7632567317443593j)	0.08629393577575684	6.29264
67	(2.4705694169984125+1.7821148322211342j)	0.09842729568481445	6.38797
68	(2.3866028050323385+1.7966898122443133j)	0.08368706703186035	6.4833
69	(2.301720572091016+1.806950565583466j)	0.0924539566040039	6.57863
70	(2.2161077941209157+1.8127846834258061j)	0.08871817588806152	6.67396
71	(2.130038694245611+1.8141628259205493j)	0.08763480186462402	6.76928
72	(2.0437528177538593+1.811089502284752j)	0.08417487144470215	6.86461
73	(1.9574706261365655+1.803525881328884j)	0.13831806182861328	6.95994
74	(1.8714306913825234+1.7914989655117208j)	0.09041690826416016	7.05527
75	(1.7858722104850517+1.7749939960872356j)	0.08818197250366211	7.15059
76	(1.7010535168119867+1.7540278812106065j)	0.09417009353637695	7.24592
77	(1.6171845566385006+1.7286945617095923j)	0.08267784118652344	7.34125
78	(1.5345269739886627+1.6989769470813942j)	0.10155582427978516	7.43658
79	(1.453325247884585+1.664999946361746j)	0.0824739933013916	7.53191
80	(1.3737695099341407+1.6267862471383934j)	0.08428382873535156	7.62723
81	(1.2961208397380835+1.5844528795666302j)	0.0977168083190918	7.72256
82	(1.2205522764311607+1.538110746376439j)	0.08624982833862305	7.81789
83	(1.1473006649799027+1.4878524236356063j)	0.09420394897460938	7.91322
84	(1.0765717733172222+1.4338085764529849j)	0.08762192726135254	8.00855
85	(1.0086126856119195+1.376122221782159j)	0.08205986022949219	8.10387
86	(0.9435304334441311+1.314914780354773j)	0.08467388153076172	8.1992
87	(0.8815525735478742+1.2504018903437766j)	0.1031789779663086	8.29453
88	(0.8228750171787671+1.18267435856117j)	0.08215498924255371	8.38986
89	(0.7676294774241532+1.111967456969283j)	0.08670997619628906	8.48519
90	(0.7159681567512044+1.0384322606738958j)	0.09550881385803223	8.58051
91	(0.6680727374111426+0.9622462937962359j)	0.08851099014282227	8.67584
92	(0.6240513118051378+0.8836577075547355j)	0.09874987602233887	8.77117
93	(0.5840143929308896+0.802828259491182j)	0.08915996551513672	8.8665
94	(0.5480989309355971+0.7200051534448424j)	0.08196473121643066	8.96183
95	(0.516438252246759+0.6353730782421655j)	0.0888819694519043	9.05715
96	(0.4890475449514623+0.549177689467807j)	0.09270501136779785	9.15248
97	(0.46604481072290754+0.46164745940530255j)	0.08044576644897461	9.24781
98	(0.4475083330754123+0.37297810832475853j)	0.0833902359008789	9.34314
99	(0.43348044942374464+0.2834528983741974j)	0.10009288787841797	9.43847
100	(0.4239664939978687+0.19326859282210757j)	0.08564519882202148	9.53379
101	(0.41904081915270147+0.1027056749580733j)	0.09956669807434082	9.62912
102	(0.4186794395671726+0.011961094906592681j)	0.10801506042480469	9.72445
103	(0.42293985414554164-0.0787009638908144j)	0.08284902572631836	9.81978
104	(0.4317496896957589-0.1690492029141048j)	0.09786200523376465	9.9151
105	(0.4451340261964641-0.25886755745029694j)	0.08969497680664062	10.01043
106	(0.4629991100810655-0.347890505552899j)	0.08882308006286621	10.10576
107	(0.4853476747496858-0.4359142640431255j)	0.09540700912475586	10.20109
108	(0.5120976736650056-0.5226581762183675j)	0.08946990966796875	10.29642
109	(0.5431859614973654-0.6079495469145626j)	0.08122110366821289	10.39174
110	(0.5785290140530575-0.691537828645999j)	0.08554601669311523	10.48707
111	(0.6180134407774235-0.7732518863773498j)	0.09702086448669434	10.5824
112	(0.6615580704714984-0.8528278933646916j)	0.09329795837402344	10.67773
113	(0.7089993954324076-0.9300872812575975j)	0.10471415519714355	10.77306
114	(0.7602660644369202-1.0048090852840441j)	0.08443689346313477	10.86838
115	(0.8151808667883352-1.076832317386148j)	0.08982229232788086	10.96371
116	(0.8736402857401859-1.1459801256665205j)	0.0956428050994873	11.05904
117	(0.9354375884790915-1.2120515458779573j)	0.08885598182678223	11.15437
118	(1.0004296052707013-1.2749229067102517j)	0.08475112915039062	11.2497
119	(1.068427669618459-1.3343709236721388j)	0.08451366424560547	11.34502
120	(1.139278506359191-1.3903184342052781j)	0.10324501991271973	11.44035
121	(1.2127960813023146-1.4425734430408594j)	0.08292198181152344	11.53568
122	(1.2887576992319727-1.4910624599738609j)	0.08337688446044922	11.63101
123	(1.3670045349594837-1.535642630012267j)	0.09738302230834961	11.72634
124	(1.4472618227684948-1.5762163073711344j)	0.08244204521179199	11.82166
125	(1.529397040161894-1.6126815213880323j)	0.09943199157714844	11.91699
126	(1.613139183987998-1.6449484140496586j)	0.0893259048461914	12.01232
127	(1.6983221811425468-1.6729781003076423j)	0.08379006385803223	12.10765
128	(1.7846950708873508-1.6966681799632755j)	0.09074616432189941	12.20298
129	(1.8720389836952047-1.7160296744877885j)	0.09163808822631836	12.2983
130	(1.9601297940264932-1.7309685691828327j)	0.08283281326293945	12.39363
131	(2.048736016785579-1.7415041976871557j)	0.08282899856567383	12.48896
132	(2.137662860792195-1.7475779788531187j)	0.10354113578796387	12.58429
133	(2.226640316369524-1.7492234657420733j)	0.08556914329528809	12.67961
134	(2.315508497688241-1.7464350402318738j)	0.0991811752319336	12.77494
135	(2.4039810421706562-1.739253554357969j)	0.0912470817565918	12.87027
136	(2.4918858421202814-1.7277059637082897j)	0.08393025398254395	12.9656
137	(2.5789592953545064-1.7118096773430624j)	0.09833598136901855	13.06093
138	(2.665017638925741-1.6916544638458149j)	0.09207606315612793	13.15625
139	(2.7498474860764985-1.667264866102164j)	0.08327674865722656	13.25158
140	(2.8332548724116657-1.6387692170791444j)	0.08502507209777832	13.34691
141	(2.9150275118879483-1.6062053386215225j)	0.09920692443847656	13.44224
142	(2.9949476521982135-1.5697141510482757j)	0.0820169448852539	13.53757
143	(3.0728471875731502-1.5293617453571398j)	0.09277009963989258	13.63289
144	(3.1485277120428634-1.4852792585290535j)	0.10566902160644531	13.72822
145	(3.2218520214313844-1.4375762848798361j)	0.08552098274230957	13.82355
146	(3.292598758158321-1.3863934244457197j)	0.09996485710144043	13.91888
147	(3.3606499895031865-1.3318893583497668j)	0.08545303344726562	14.01421
148	(3.4257976320827375-1.274185108097523j)	0.08555388450622559	14.10953
149	(3.487939818617818-1.2134504757283855j)	0.09222292900085449	14.20486
150	(3.5469118093021677-1.1498074854329152j)	0.09071016311645508	14.30019
151	(3.6025943081870935-1.0834728713068005j)	0.08235716819763184	14.39552
152	(3.654883592759475-1.0145772716395998j)	0.08329916000366211	14.49085
153	(3.7036287569211774-0.9433491563365364j)	0.10556793212890625	14.58617
154	(3.7487639266066948-0.8699178995501904j)	0.08545303344726562	14.6815
155	(3.7901512854761426-0.7944994575454116j)	0.08436989784240723	14.77683
156	(3.827757394563441-0.7172698004092883j)	0.09897708892822266	14.87216
157	(3.8614665065439686-0.6384098361130492j)	0.08480191230773926	14.96749
158	(3.891256982536216-0.5581562599054026j)	0.09898591041564941	15.06281
159	(3.9170356880298076-0.47666218208212596j)	0.09537935256958008	15.15814
160	(3.9387819466226994-0.3941727402053816j)	0.08962512016296387	15.25347
161	(3.9564487400884074-0.31083619342683977j)	0.09502077102661133	15.3488
162	(3.9700015635583163-0.22690485972406393j)	0.08869409561157227	15.44412
163	(3.9794582076446954-0.1425186801642926j)	0.08221220970153809	15.53945
164	(3.9847864154874273-0.05793647640459709j)	0.08344197273254395	15.63478
165	(3.9860249481470125+0.02667279400652589j)	0.10505890846252441	15.73011
166	(3.9831374669929485+0.11109683558811922j)	0.08312511444091797	15.82544
167	(3.9761924805871627+0.19512655259739575j)	0.08522915840148926	15.92076
168	(3.9651823307619516+0.2786064981660139j)	0.10139894485473633	16.01609
169	(3.950196984745771+0.361316736665136j)	0.08349394798278809	16.11142
170	(3.931258480889036+0.4430921479588792j)	0.09995007514953613	16.20675
171	(3.9084387609971354+0.5237008412627688j)	0.09054112434387207	16.30208
172	(3.8818098403637826+0.6029955774793494j)	0.0819699764251709	16.3974
173	(3.851423818234549+0.6807809158063736j)	0.08126401901245117	16.49273
174	(3.8173968695598126+0.756918814063892j)	0.1060330867767334	16.58806
175	(3.779791416862704+0.8312079399786583j)	0.08110690116882324	16.68339
176	(3.738754762951649+0.9034991547269391j)	0.08966398239135742	16.77872
177	(3.694355543226886+0.9736226408373307j)	0.09822392463684082	16.87404
178	(3.6467328077409684+1.041431005428493j)	0.08407282829284668	16.96937
179	(3.595970804239376+1.1067953189902173j)	0.10645675659179688	17.0647
180	(3.54223322249146+1.1695489793411724j)	0.08664798736572266	17.16003
181	(3.485638399086526+1.2296035137234664j)	0.08732914924621582	17.25536
182	(3.426339960594029+1.2867806024110306j)	0.09388613700866699	17.35068
183	(3.36447469300885+1.3410089615541632j)	0.08847284317016602	17.44601
184	(3.3001730789263948+1.3921334913332934j)	0.08261609077453613	17.54134
185	(3.2336205956461597+1.440087364027676j)	0.08175992965698242	17.63667
186	(3.164931398033562+1.4847576025344966j)	0.09936308860778809	17.732
187	(3.0943238492236516+1.526062876143583j)	0.09554719924926758	17.82732
188	(3.02191081096464+1.5639293447964278j)	0.08463931083679199	17.92265
189	(2.947903749820831+1.5982610437077174j)	0.09650683403015137	18.01798
190	(2.872436144981558+1.6290243967407863j)	0.0842752456665039	18.11331
191	(2.7957076412434496+1.6561195824955357j)	0.0947117805480957	18.20863
192	(2.717857878733423+1.6795581003204938j)	0.09903192520141602	18.30396
193	(2.6390880737509583+1.6992530162248656j)	0.08809995651245117	18.39929
194	(2.55958599282983+1.7152109211993467j)	0.09489107131958008	18.49462
195	(2.479497327044285+1.7273718032671634j)	0.09027695655822754	18.58995
196	(2.3990477803413945+1.73573711313673j)	0.08273482322692871	18.68527
197	(2.318346997106979+1.7402921576065913j)	0.08256793022155762	18.7806
198	(2.2376252502081457+1.741051605252445j)	0.10236120223999023	18.87593
199	(2.1570231356677287+1.7380323032672833j)	0.08353090286254883	18.97126
200	(2.0767524398986708+1.7312210959095273j)	0.10024023056030273	19.06659
201	(1.996974882388851+1.72068111467014j)	0.08518290519714355	19.16191
202	(1.9178551388026297+1.706395332205422j)	0.0831451416015625	19.25724
203	(1.8395578171366354+1.6884543759640345j)	0.09522414207458496	19.35257
204	(1.76224546115807+1.6668660412205472j)	0.09241318702697754	19.4479
205	(1.6861123361672858+1.6417235161931427j)	0.08543992042541504	19.54323
206	(1.611294227753095+1.6130687761691727j)	0.08362388610839844	19.63855
207	(1.53797571194548+1.5809761813290977j)	0.10073113441467285	19.73388
208	(1.4662715789106486+1.5455110592516725j)	0.082916259765625	19.82921
209	(1.3963729197507841+1.5067556444766286j)	0.08891606330871582	19.92454
210	(1.3283896164720501+1.46482677940207j)	0.09846878051757812	20.01987
211	(1.2624978563452558+1.4197947977998084j)	0.08240795135498047	20.11519
212	(1.1988082045104982+1.3717876922345642j)	0.09342694282531738	20.21052
213	(1.1374746852431665+1.320872785631622j)	0.0886688232421875	20.30585
214	(1.0786220725843951+1.2672038289088616j)	0.0863957405090332	20.40118
215	(1.0223479153158888+1.210864271288993j)	0.08361101150512695	20.49651
216	(0.9688039842301128+1.1520138248751854j)	0.10459303855895996	20.59183
217	(0.9180599890513135+1.0907561942770871j)	0.08185911178588867	20.68716
218	(0.8702672019181323+1.0272420538444604j)	0.08419108390808105	20.78249
219	(0.8254849069735314+0.961604769387461j)	0.09594511985778809	20.87782
220	(0.7838490796375587+0.8939723342595914j)	0.08608627319335938	20.97314
221	(0.7453880775456344+0.8245075415494336j)	0.0993800163269043	21.06847
222	(0.7102215313793495+0.7533391014080855j)	0.08364987373352051	21.1638
223	(0.6784023277357768+0.680658587400661j)	0.082733154296875	21.25913
224	(0.6500038046635244+0.6065807902816158j)	0.08460378646850586	21.35446
225	(0.625104889495751+0.5313111566289187j)	0.1047670841217041	21.44978
226	(0.6037196141189433+0.4549477197301751j)	0.08032989501953125	21.54511
227	(0.585921985048826+0.3776963535828606j)	0.08300089836120605	21.64044
228	(0.571711769197816+0.29971067031416726j)	0.09687328338623047	21.73577
229	(0.5611613057167955+0.22115712538164098j)	0.08373403549194336	21.8311
230	(0.5542546204223233+0.1422290763114555j)	0.09868216514587402	21.92642
231	(0.5510486403212873+0.06304666813553406j)	0.08707594871520996	22.02175
232	(0.5515144871276008-0.016187372213169904j)	0.08329391479492188	22.11708
233	(0.5556652902643163-0.09533688696162174j)	0.08752083778381348	22.21241
234	(0.5634901950194673-0.17419080219180597j)	0.0946660041809082	22.30774
235	(0.5749589206051814-0.25260977174672483j)	0.08324193954467773	22.40306
236	(0.5900797360079725-0.3304028073031733j)	0.08250117301940918	22.49839
237	(0.608796858853357-0.4074328070671842j)	0.1013031005859375	22.59372
238	(0.6311018146424936-0.4835200808397181j)	0.08443498611450195	22.68905
239	(0.6569043310926088-0.5584994629894692j)	0.09929180145263672	22.78438
240	(0.6861880355896223-0.6322172882113569j)	0.08414196968078613	22.8797
241	(0.7188617202820718-0.7045009526738839j)	0.08265233039855957	22.97503
242	(0.754894032885492-0.7752148262529039j)	0.08568096160888672	23.07036
243	(0.7941916336233815-0.8441739493845046j)	0.10037612915039062	23.16569
244	(0.836672936735698-0.9112722828432018j)	0.08279109001159668	23.26102
245	(0.8822559142517415-0.9763206592105218j)	0.08220601081848145	23.35634
246	(0.9308316725232215-1.0392212920989066j)	0.11123490333557129	23.45167
247	(0.982321551291798-1.0997924356612765j)	0.08302593231201172	23.547
248	(1.0365885073497705-1.1579225460479834j)	0.10035204887390137	23.64233
249	(1.093555591104061-1.2134697422421987j)	0.08251094818115234	23.73765
250	(1.1530755099270817-1.2663350774340214j)	0.08182907104492188	23.83298
251	(1.2150493525448984-1.3163920567555516j)	0.0938718318939209	23.92831
252	(1.2793101081851332-1.3635097825032116j)	0.0880131721496582	24.02364
253	(1.34574664588185-1.407609010068155j)	0.08241415023803711	24.11897
254	(1.4142033653596908-1.4485427892919207j)	0.08590888977050781	24.21429
255	(1.4845607322551613-1.486273119155071j)	0.10667300224304199	24.30962
256	(1.5566578226598449-1.5206693144936143j)	0.08344912528991699	24.40495
257	(1.6303237137668323-1.5516877030264846j)	0.08580565452575684	24.50028
258	(1.7054260052632406-1.5792271752207496j)	0.0968790054321289	24.59561
259	(1.7817562432037952-1.6032274312008237j)	0.08913731575012207	24.69093
260	(1.8592137791814016-1.6236229373163902j)	0.09911775588989258	24.78626
261	(1.9375843680560094-1.6403662191718364j)	0.08615803718566895	24.88159
262	(2.01673348140785-1.6534278252148833j)	0.08211302757263184	24.97692
263	(2.096458760136585-1.6627457760841708j)	0.08527326583862305	25.07225
264	(2.1765860488041233-1.668329788103633j)	0.09629106521606445	25.16757
265	(2.2569536131122883-1.6701086057353849j)	0.08558511734008789	25.2629
266	(2.337377735574511-1.6681123916895049j)	0.08556485176086426	25.35823
267	(2.4176950098838286-1.6623017817550738j)	0.09612417221069336	25.45356
268	(2.4977016169361983-1.6527126552449654j)	0.08303713798522949	25.54889
269	(2.577246706259504-1.6393482158437895j)	0.09538793563842773	25.64421
270	(2.656119474558714-1.622228088419102j)	0.08942413330078125	25.73954
271	(2.73417822352601-1.6013797316019907j)	0.08428788185119629	25.83487
272	(2.811211297745307-1.5768295393250187j)	0.08577084541320801	25.9302
273	(2.887077221948403-1.5486488563264431j)	0.09257888793945312	26.02553
274	(2.9615818234862217-1.5168627800317553j)	0.08357501029968262	26.12085
275	(3.034571493181956-1.4815724102905308j)	0.08388304710388184	26.21618
276	(3.105866434559305-1.4428083744981888j)	0.10160303115844727	26.31151
277	(3.1752942610195456-1.4006845935791636j)	0.08427596092224121	26.40684
278	(3.24270703478972-1.3552542213498446j)	0.09867501258850098	26.50216
279	(3.307945936567287-1.3066339824632753j)	0.0861208438873291	26.59749
280	(3.3708783163858156-1.2549150729989889j)	0.08257794380187988	26.69282
281	(3.4313163624015175-1.2002127283054926j)	0.09100127220153809	26.78815
282	(3.489150902636184-1.142653621000396j)	0.09888291358947754	26.88348
283	(3.54420390978043-1.0823456886295673j)	0.08263897895812988	26.9788
284	(3.59638975531068-1.0194223724588198j)	0.0845181941986084	27.07413
285	(3.645558099285232-0.9540033200035962j)	0.10075592994689941	27.16946
286	(3.6915959716736624-0.8862703644966987j)	0.08463120460510254	27.26479
287	(3.7343977126997356-0.8163371691746535j)	0.08850812911987305	27.36012
288	(3.773833209920663-0.7444014715992344j)	0.09688115119934082	27.45544
289	(3.8098279757824436-0.6705692036105217j)	0.08535599708557129	27.55077
290	(3.8422671122328955-0.5950346220245857j)	0.09330105781555176	27.6461
291	(3.8711046604884007-0.5179597453443372j)	0.08905386924743652	27.74143
292	(3.896231802727687-0.43951178260503454j)	0.09064602851867676	27.83676
293	(3.917609100780341-0.35990290350479825j)	0.10493707656860352	27.93208
294	(3.9351473508923154-0.27926792632577135j)	0.10265231132507324	28.02741
295	(3.9488196544499417-0.19782481875835067j)	0.08288407325744629	28.12274
296	(3.958576732060135-0.11572292444814747j)	0.08239316940307617	28.21807
297	(3.9643837491038116-0.033185048306970666j)	0.11487793922424316	28.3134
298	(3.9662414904065457+0.04961835405579618j)	0.08577585220336914	28.40872
299	(3.964107756934646+0.1324780872298521j)	0.08393025398254395	28.50405
300	(3.958002587005532+0.2152207997348181j)	0.0967259407043457	28.59938
301	(3.9478968328943917+0.2976446920409408j)	0.08505511283874512	28.69471
302	(3.9338421516526845+0.3795554151086342j)	0.1033179759979248	28.79004
303	(3.915835316077544+0.46077334622947963j)	0.08852195739746094	28.88536
304	(3.8939407761503793+0.5410957832049814j)	0.08430075645446777	28.98069
305	(3.868173694520636+0.620347706797892j)	0.08908605575561523	29.07602
306	(3.838596812334721+0.6983105015630608j)	0.09052109718322754	29.17135
307	(3.805270548772683+0.774829125981163j)	0.08146405220031738	29.26667
308	(3.768258089795741+0.8497086295045981j)	0.08284282684326172	29.362
309	(3.7276525863929963+0.9227944149775247j)	0.1014871597290039	29.45733
310	(3.683526979350262+0.9938812286851046j)	0.08236098289489746	29.55266
311	(3.6360059160894256+1.0628109924523232j)	0.10218214988708496	29.64799
312	(3.5851615403567263+1.1294052707849684j)	0.0837550163269043	29.74331
313	(3.5311268283812454+1.193519886042145j)	0.08103585243225098	29.83864
314	(3.4740011128836397+1.2550066127798243j)	0.08767509460449219	29.93397
315	(3.413941665460339+1.3136928879857013j)	0.10000419616699219	30.0293
316	(3.3510705808676873+1.3694663138851133j)	0.08541321754455566	30.12463
317	(3.285545373637646+1.4221453709037644j)	0.08227896690368652	30.21995
318	(3.217495836967563+1.4716453183528326j)	0.09587883949279785	30.31528
319	(3.1470763107456534+1.517811540985817j)	0.08435416221618652	30.41061
320	(3.0744708029978787+1.5605592302989608j)	0.08914685249328613	30.50594
321	(2.9998193470343537+1.599765495948886j)	0.09571409225463867	30.60127
322	(2.9233431970775134+1.635336891231644j)	0.08582472801208496	30.69659
323	(2.845168164779584+1.6671821748002165j)	0.0959019660949707	30.79192
324	(2.7655119441383134+1.6952110277356653j)	0.08821702003479004	30.88725
325	(2.684533536472898+1.7193781969028343j)	0.09303617477416992	30.98258
326	(2.6024401374600594+1.739589175607228j)	0.08840703964233398	31.07791
327	(2.5194262698385543+1.7558305300981654j)	0.1017599105834961	31.17323
328	(2.4356812992636034+1.7680236540592829j)	0.08752799034118652	31.26856
329	(2.351413024440009+1.7761613703987207j)	0.08424782752990723	31.36389
330	(2.2667970072945005+1.7801936767482185j)	0.09990787506103516	31.45922
331	(2.182063953357445+1.7801253702657356j)	0.09050607681274414	31.55455
332	(2.09738535985891+1.7759459961074018j)	0.10003829002380371	31.64987
333	(2.0129849715382884+1.7676727479211032j)	0.08371210098266602	31.7452
334	(1.929042932914964+1.7553193450362525j)	0.08559513092041016	31.84053
335	(1.845784371861522+1.7388913102947055j)	0.09651041030883789	31.93586
336	(1.763394703955346+1.7184520369752347j)	0.09145975112915039	32.03118
337	(1.6820629492834052+1.6940165518726626j)	0.08291292190551758	32.12651
338	(1.6019822699372575+1.665677820690261j)	0.08223485946655273	32.22184
339	(1.5233469672614204+1.633466971453936j)	0.10339999198913574	32.31717
340	(1.4463575075029007+1.5974906980685717j)	0.08288931846618652	32.4125
341	(1.3711886956716886+1.5578082986736437j)	0.08368110656738281	32.50782
342	(1.2980225709467754+1.5145177000494363j)	0.10135388374328613	32.60315
343	(1.2270101624007876+1.4677165913646302j)	0.08414387702941895	32.69848
344	(1.158353202679157+1.41751801226678j)	0.09447693824768066	32.79381
345	(1.0921884374827053+1.3640561689354966j)	0.09158706665039062	32.88914
346	(1.0287063944086015+1.3074417992523701j)	0.08273720741271973	32.98446
347	(0.9680290017072992+1.2478152154267912j)	0.08549308776855469	33.07979
348	(0.9103035746108967+1.1853929320167482j)	0.10481381416320801	33.17512
349	(0.8556894547073394+1.120061169636106j)	0.08194613456726074	33.27045
350	(0.8042820093983123+1.0522397351028918j)	0.08224105834960938	33.36578
351	(0.7562370983612414+0.9820309011599749j)	0.09804272651672363	33.4611
352	(0.7116379503193417+0.9095622553262352j)	0.08451294898986816	33.55643
353	(0.6706236156352621+0.8350264688865943j)	0.09943032264709473	33.65176
354	(0.6332553783590955+0.7585940593529916j)	0.08460116386413574	33.74709
355	(0.5996502659247671+0.680436982000724j)	0.0812528133392334	33.84242
356	(0.5698589220923292+0.6007683568958967j)	0.08704495429992676	33.93774
357	(0.5439702732354219+0.5197478899564781j)	0.10425615310668945	34.03307
358	(0.5220386199987328+0.4375970214826123j)	0.09347987174987793	34.1284
359	(0.5041144062321031+0.3544788852166538j)	0.08730792999267578	34.22373
360	(0.49024883393111157+0.27061492473693094j)	0.10399389266967773	34.31906
361	(0.48044814640074385+0.18618876994847505j)	0.08159613609313965	34.41438
362	(0.4747536969909554+0.1014113168045111j)	0.08284211158752441	34.50971
363	(0.4731517504256575+0.016475180955197344j)	0.09869527816772461	34.60504
364	(0.47568065780294333-0.06841736750949651j)	0.08948302268981934	34.70037
365	(0.4822988643928335-0.15304593239650527j)	0.09661269187927246	34.79569
366	(0.4930151911565024-0.23724894475335404j)	0.08574295043945312	34.89102
367	(0.5077730794451868-0.3208060385959844j)	0.0865778923034668	34.98635
368	(0.5265496967658716-0.4035351685081476j)	0.08353090286254883	35.08168
369	(0.5492925832779929-0.4852126555975737j)	0.10001683235168457	35.17701
370	(0.5759409511728042-0.5656682282984506j)	0.08597183227539062	35.27233
371	(0.6064440191084846-0.6447036437949463j)	0.09304618835449219	35.36766
372	(0.6407103319661268-0.7221597379210323j)	0.1297008991241455	35.46299
373	(0.6786734504622067-0.7978346589725893j)	0.09404206275939941	35.55832
374	(0.7202078367295764-0.8715540109738109j)	0.09035491943359375	35.65365
375	(0.7652380462232032-0.9431453046116451j)	0.12066411972045898	35.74897
376	(0.8136403034100805-1.0124473058392267j)	0.08341598510742188	35.8443
377	(0.8653217834727382-1.079306555373572j)	0.1093740463256836	35.93963
378	(0.92013298840398-1.1435535048673322j)	0.09632587432861328	36.03496
379	(0.9779512186664487-1.2050703219149974j)	0.11844301223754883	36.13029
380	(1.0386264956840998-1.2636793075791646j)	0.0981450080871582	36.22561
381	(1.1020205093539697-1.319281076357492j)	0.10503292083740234	36.32094
382	(1.1679934245422068-1.371720003205367j)	0.09330010414123535	36.41627
383	(1.2363669296388808-1.4208985691487088j)	0.0841972827911377	36.5116
384	(1.3070054671433005-1.4667040024581781j)	0.09742426872253418	36.60693
385	(1.3797016203174768-1.509029215940374j)	0.09396672248840332	36.70225
386	(1.4543210554823105-1.5477937164473736j)	0.1557610034942627	36.79758
387	(1.5306606141776025-1.582888824606388j)	0.09024786949157715	36.89291
388	(1.608557658260314-1.614263633025697j)	0.0890970230102539	36.98824
389	(1.6878262945520304-1.6418232984980166j)	0.1044149398803711	37.08357
390	(1.7682677405628127-1.6655428364851899j)	0.0943901538848877	37.17889
391	(1.8497141382178401-1.6853475632846036j)	0.09073185920715332	37.27422
392	(1.9319555975765998-1.7012225875616493j)	0.2062361240386963	37.36955
393	(2.014813629233262-1.7131145029852441j)	0.10142683982849121	37.46488
394	(2.0980711378756998-1.721007785638347j)	0.08200502395629883	37.5602
395	(2.1815833021531987-1.7248909135713024j)	0.0829477310180664	37.65553
396	(2.2651171140922446-1.7247668715726032j)	0.08152914047241211	37.75086
397	(2.34850248938969-1.7206509742607774j)	0.08570981025695801	37.84619
398	(2.431526585386268-1.7125402523262698j)	0.09807085990905762	37.94152
399	(2.514004805993978-1.7004826296917839j)	0.09081602096557617	38.03684
400	(2.595754233038615-1.6844791620258408j)	0.0814669132232666	38.13217
401	(2.6765920955772473-1.6646099917260888j)	0.08768892288208008	38.2275
402	(2.756340320632356-1.6408968270012716j)	0.1262662410736084	38.32283
403	(2.8347959363486788-1.6134279197939183j)	0.10410189628601074	38.41816
404	(2.9117962930565704-1.582261349308665j)	0.1054389476776123	38.51348
405	(2.987155241877423-1.5474741450196972j)	0.09657883644104004	38.60881
406	(3.060727958655267-1.5091465065522505j)	0.12241387367248535	38.70414
407	(3.1323236841327713-1.4673720873070204j)	0.10728192329406738	38.79947
408	(3.2018080798567987-1.4222663465484653j)	0.10010600090026855	38.8948
409	(3.2689976879717255-1.3739270515658513j)	0.09523987770080566	38.99012
410	(3.3337702051347713-1.3224847277618017j)	0.1007080078125	39.08545
411	(3.3959668079865875-1.268030926798791j)	0.09079432487487793	39.18078
412	(3.455447232053799-1.2107265007502324j)	0.11575555801391602	39.27611
413	(3.5121018187928223-1.1506800831086406j)	0.10344505310058594	39.37144
414	(3.565779286744982-1.0880603462710128j)	0.08838605880737305	39.46676
415	(3.6163978245440274-1.022989268686033j)	0.08251190185546875	39.56209
416	(3.6638112505360425-0.9556348587428044j)	0.08881306648254395	39.65742
417	(3.707947983169177-0.8861481476824353j)	0.0993809700012207	39.75275
418	(3.748685021792605-0.8146781606203406j)	0.1057441234588623	39.84808
419	(3.7859588641562136-0.741416400544748j)	0.10567188262939453	39.9434
420	(3.8196879583135415-0.6664943798812898j)	0.09925580024719238	40.03873
421	(3.8497995767003648-0.5901215553366596j)	0.1140298843383789	40.13406
422	(3.8762341622955727-0.5124423438070793j)	0.1176609992980957	40.22939
423	(3.89891965716421-0.4336692159177079j)	0.1109781265258789	40.32471
424	(3.9178394990875094-0.3539308903930183j)	0.15793108940124512	40.42004
425	(3.9329344291702304-0.2734430820326842j)	0.0931398868560791	40.51537
426	(3.944203514454908-0.1923731410463696j)	0.10157012939453125	40.6107
427	(3.9515985559132587-0.11090961710191949j)	0.08205294609069824	40.70603
428	(3.9551310750380413-0.029254816713247367j)	0.10183906555175781	40.80135
429	(3.954771355697803+0.05244425709883682j)	0.12044906616210938	40.89668
430	(3.950552203170685+0.1339807758740057j)	0.1132669448852539	40.99201
431	(3.9424771879519405+0.21519672268155787j)	0.08905386924743652	41.08734
432	(3.930573762686353+0.295886028996003j)	0.09498381614685059	41.18267
433	(3.914883367107029+0.37587485818786215j)	0.09084916114807129	41.27799
434	(3.8954209526251+0.4549840229603904j)	0.08211898803710938	41.37332
435	(3.8722579303314357+0.533056527038342j)	0.08002686500549316	41.46865
436	(3.845424554726602+0.6099017795347945j)	0.08187007904052734	41.56398
437	(3.8150167823274588+0.6853593490470559j)	0.08203697204589844	41.65931
438	(3.7810856296369093+0.7592589043696399j)	0.08858871459960938	41.75463
439	(3.7437302068936518+0.8314370151184737j)	0.13208532333374023	41.84996
440	(3.7030103206924405+0.9017478528133269j)	0.16170215606689453	41.94529
441	(3.659038758533903+0.9700127736118705j)	0.14206886291503906	42.04062
442	(3.611905060241916+1.0361101544182634j)	0.12101602554321289	42.13595
443	(3.561725643552747+1.0998704850132257j)	0.16022133827209473	42.23127
444	(3.508618809384586+1.1611873878248882j)	0.15066313743591309	42.3266
445	(3.452690037112681+1.2198949982483955j)	0.15035700798034668	42.42193
446	(3.3940855374987438+1.2758813464167158j)	0.13245487213134766	42.51726
447	(3.3329097463235375+1.3290206626884107j)	0.1299598217010498	42.61259
448	(3.2693331389439493+1.3791937428236052j)	0.14694714546203613	42.70791
449	(3.2034610228043685+1.4263139040764168j)	0.16086506843566895	42.80324
450	(3.1354740614359113+1.470251747786371j)	0.08759808540344238	42.89857
451	(3.065503328384436+1.5109378464583494j)	0.08979034423828125	42.9939
452	(2.993730894166811+1.5482515553691418j)	0.09165120124816895	43.08922
453	(2.9202767887439918+1.582148135393878j)	0.18580389022827148	43.18455
454	(2.845320242127796+1.612528203750645j)	0.10540270805358887	43.27988
455	(2.7690399696903687+1.6393528786957816j)	0.09612703323364258	43.37521
456	(2.691584770604215+1.6625428642746791j)	0.08535504341125488	43.47054
457	(2.613164445518108+1.6820603976005695j)	0.14341998100280762	43.56586
458	(2.533899237848674+1.6978526958035984j)	0.15707707405090332	43.66119
459	(2.45399822991328+1.709888945366032j)	0.10234498977661133	43.75652
460	(2.3736173029512213+1.7181612594664453j)	0.0843970775604248	43.85185
461	(2.2929492546030006+1.7226285593796775j)	0.08247971534729004	43.94718
462	(2.212173156074624+1.7233090743834591j)	0.09267091751098633	44.0425
463	(2.131461803511557+1.7201718632040008j)	0.15525341033935547	44.13783
464	(2.0509901739470746+1.7132481132130248j)	0.10930895805358887	44.23316
465	(1.970926895097509+1.7025295444408193j)	0.08334088325500488	44.32849
466	(1.8914666878467479+1.6880617098873156j)	0.08152413368225098	44.42382
467	(1.8127695475991092+1.6698734286298866j)	0.0907289981842041	44.51914
468	(1.7350238536411404+1.6480035746407542j)	0.1641101837158203	44.61447
469	(1.6583814684322362+1.6224961303680852j)	0.10652494430541992	44.7098
470	(1.583031687955094+1.5933975148101793j)	0.08353996276855469	44.80513
471	(1.5091232502813017+1.560787390041898j)	0.08167910575866699	44.90046
472	(1.4368295031930056+1.52472617801953j)	0.08562397956848145	44.99578
473	(1.3663002099928168+1.4853117582819402j)	0.10714125633239746	45.09111
474	(1.2976979621300195+1.442600543879181j)	0.14715099334716797	45.18644
475	(1.2311835352416187+1.3967148642038194j)	0.1012423038482666	45.28177
476	(1.1668852164838854+1.3477294029523192j)	0.08245396614074707	45.3771
477	(1.104972948931927+1.2957689474063996j)	0.08623099327087402	45.47242
478	(1.0455422632918099+1.2409302720578943j)	0.1209719181060791	45.56775
479	(0.9887625409943519+1.1833475773143245j)	0.15807294845581055	45.66308
480	(0.9347373730232058+1.1231478398587207j)	0.1211709976196289	45.75841
481	(0.8836194955520245+1.0604587960598983j)	0.12105393409729004	45.85373
482	(0.835485438595106+0.9954108933611074j)	0.14249396324157715	45.94906
483	(0.7904627942488947+0.928136154214025j)	0.08766007423400879	46.04439
484	(0.7486487628640965+0.858812844041138j)	0.08490204811096191	46.13972
485	(0.7101319250366187+0.7875632762588398j)	0.15747714042663574	46.23505
486	(0.6750211061606476+0.7145819322860133j)	0.1140601634979248	46.33037
487	(0.6433719080792024+0.6399806124474858j)	0.12128496170043945	46.4257
488	(0.6152828587597792+0.5639509398231711j)	0.10390400886535645	46.52103
489	(0.5907866738232903+0.4866568580521457j)	0.14987492561340332	46.61636
490	(0.5699711193166572+0.40826143292758593j)	0.08862900733947754	46.71169
491	(0.5528556844796797+0.3289573845061528j)	0.08275198936462402	46.80701
492	(0.5395131748455156+0.24889612479505527j)	0.12302684783935547	46.90234
493	(0.5299583927215251+0.16827497270056202j)	0.12901997566223145	46.99767
494	(0.5242217670295105+0.08724543081189931j)	0.138746976852417	47.093
495	(0.5223223232045233+0.006015777096125947j)	0.12112307548522949	47.18833
496	(0.5242521258547875-0.07525242701820936j)	0.15758180618286133	47.28365
497	(0.530030831409415-0.15636281566808036j)	0.09514689445495605	47.37898
498	(0.5396324263208642-0.2371450520717684j)	0.08600592613220215	47.47431
499	(0.5530648838372262-0.3174197218662516j)	0.0843362808227539	47.56964
500	(0.5702765748694443-0.3969984217316918j)	0.1341538429260254	47.66497
501	(0.5912520327686993-0.47571050512917423j)	0.1365058422088623	47.76029
502	(0.6159262750122777-0.5533793560489382j)	0.09379696846008301	47.85562
503	(0.6442694171166884-0.6298337185443236j)	0.08564090728759766	47.95095
504	(0.6762145455478505-0.7048777627771935j)	0.1323850154876709	48.04628
505	(0.7116931585180878-0.7783696723096126j)	0.13672089576721191	48.14161
506	(0.7506398976854902-0.8501174607688993j)	0.09177088737487793	48.23693
507	(0.7929574503756611-0.9199936179139246j)	0.08195924758911133	48.33226
508	(0.8385689415785015-0.987810700285176j)	0.08166623115539551	48.42759
509	(0.8873552962519451-1.0534189344468343j)	0.08274483680725098	48.52292
510	(0.9392309205284782-1.116659488562515j)	0.08030581474304199	48.61824
511	(0.9940719344928678-1.1774064309068806j)	0.07988214492797852	48.71357
512	(1.0517803822341885-1.2355137155704958j)	0.09203600883483887	48.8089
513	(1.1122017322254507-1.2908359154948181j)	0.09119677543640137	48.90423
514	(1.175215776902112-1.3432684921202862j)	0.09165692329406738	48.99956
515	(1.2406721978723891-1.3926511901540202j)	0.11191797256469727	49.09488
516	(1.3084449444612565-1.4389077172774007j)	0.15555691719055176	49.19021
517	(1.3783820256924897-1.4818964883694727j)	0.09126520156860352	49.28554
518	(1.4503151718807596-1.5215423101446555j)	0.10136198997497559	49.38087
519	(1.5241023444950095-1.5577370166706357j)	0.149885892868042	49.4762
520	(1.5995439673662841-1.590402522674401j)	0.10526800155639648	49.57152
521	(1.6765149856721913-1.6194493159811942j)	0.08292198181152344	49.66685
522	(1.7548068534259933-1.6448068933968945j)	0.08265280723571777	49.76218
523	(1.8342724001363-1.6664270844155855j)	0.09219527244567871	49.85751
524	(1.9147173204451235-1.6842317626279681j)	0.0883328914642334	49.95284
525	(1.9959554994284512-1.6982076071162775j)	0.09144902229309082	50.04816
526	(2.077814163094992-1.7082850264730016j)	0.09996700286865234	50.14349
527	(2.160097657812683-1.7144644390418917j)	0.10318422317504883	50.23882
528	(2.242631670123494-1.716698449446118j)	0.09645414352416992	50.33415
529	(2.325210797366999-1.7149960581900718j)	0.08896732330322266	50.42948
530	(2.407665360603735-1.7093442954000067j)	0.0895228385925293	50.5248
531	(2.4897927274534095-1.6997652360351656j)	0.0885477066040039	50.62013
532	(2.5714186743160585-1.6862726016938172j)	0.08289813995361328	50.71546
533	(2.652335798291746-1.6688750914113126j)	0.08729076385498047	50.81079
534	(2.73237272472262-1.6476303766618174j)	0.08840012550354004	50.90612
535	(2.8113326359972333-1.6225553815446312j)	0.08919191360473633	51.00144
536	(2.8890533867943464-1.59373391378598j)	0.08670520782470703	51.09677
537	(2.9653478019817645-1.561204804344319j)	0.08295917510986328	51.1921
538	(3.0400215584492085-1.5250520404449779j)	0.08797287940979004	51.28743
539	(3.112922349188455-1.4853459741030381j)	0.08873414993286133	51.38276
540	(3.1838523680760478-1.442177829854355j)	0.09167098999023438	51.47808
541	(3.252687307102086-1.3956313264416818j)	0.08969998359680176	51.57341
542	(3.319234729011127-1.345818109626011j)	0.08936691284179688	51.66874
543	(3.383358543122044-1.292860148714379j)	0.18216800689697266	51.76407
544	(3.4448820660213952-1.2368671232089934j)	0.09333586692810059	51.85939
545	(3.5036865336728846-1.1779652449262021j)	0.086151123046875	51.95472
546	(3.559618510903345-1.1162697773863297j)	0.08690094947814941	52.05005
547	(3.6125487040428705-1.0519454499646899j)	0.09118509292602539	52.14538
548	(3.662364198729186-0.985121827986291j)	0.09063005447387695	52.24071
549	(3.708923454741805-0.9159749442222092j)	0.11471199989318848	52.33603
550	(3.7521385367289732-0.8446296752322215j)	0.08472609519958496	52.43136
551	(3.791879889277638-0.7712714470047706j)	0.08159208297729492	52.52669
552	(3.8280806435107873-0.6960602043936717j)	0.08836102485656738	52.62202
553	(3.8606297823940676-0.6191574787736485j)	0.0942227840423584	52.71735
554	(3.8894679524578337-0.5407699407980828j)	0.09164190292358398	52.81267
555	(3.914511750432454-0.46104531127361825j)	0.0846259593963623	52.908
556	(3.9357073055967664-0.38019595809601886j)	0.09024786949157715	53.00333
557	(3.9529972204066155-0.29838185908032766j)	0.09062004089355469	53.09866
558	(3.966331863135811-0.2158122021343019j)	0.08215975761413574	53.19399
559	(3.9756921840525066-0.13266545536662921j)	0.08845114707946777	53.28931
560	(3.981041749702074-0.04914380823834069j)	0.11231088638305664	53.38464
561	(3.9823838177300632+0.034568657530468117j)	0.2263939380645752	53.47997
562	(3.979681827903313+0.11827194172275945j)	0.19642376899719238	53.5753
563	(3.972965009913905+0.20176197129965584j)	0.15393519401550293	53.67063
564	(3.962225665859336+0.2848561225202081j)	0.08489799499511719	53.76595
565	(3.947507482108692+0.36736283721225327j)	0.08252286911010742	53.86128
566	(3.9288285068320445+0.44909625769387623j)	0.10417985916137695	53.95661
567	(3.9062357721641083+0.529839653920938j)	0.09338998794555664	54.05194
568	(3.8797818341920625+0.6094296334948663j)	0.08221220970153809	54.14727
569	(3.849515629502954+0.6876465925427214j)	0.08414506912231445	54.24259
570	(3.815515060114704+0.7643541982799801j)	0.0887608528137207	54.33792
571	(3.7778451124878214+0.8393485924427153j)	0.08873319625854492	54.43325
572	(3.7366170776243415+0.9124529481605164j)	0.0806572437286377	54.52858
573	(3.69190662153963+0.9834945332177931j)	0.08927202224731445	54.6239
574	(3.643825089757635+1.0523101354792468j)	0.08922696113586426	54.71923
575	(3.592466696998629+1.1187480794185847j)	0.08391785621643066	54.81456
576	(3.537966482689147+1.182635505207183j)	0.09087109565734863	54.90989
577	(3.480445338329455+1.2438463668563033j)	0.08528399467468262	55.00522
578	(3.42004538367507+1.3022070616236605j)	0.08431529998779297	55.10054
579	(3.3568979415758493+1.3576104394430066j)	0.08937692642211914	55.19587
580	(3.2911460094872242+1.4098992415306204j)	0.09119009971618652	55.2912
581	(3.2229548341704137+1.4589696389704718j)	0.08671379089355469	55.38653
582	(3.1524625097669823+1.504703449848928j)	0.09004473686218262	55.48186
583	(3.0798646495480813+1.546990064472332j)	0.08910703659057617	55.57718
584	(3.005297833308103+1.5857404357157776j)	0.09116697311401367	55.67251
585	(2.928963111933861+1.6208467630822256j)	0.09035325050354004	55.76784
586	(2.8510180586641387+1.6522469353692903j)	0.08947587013244629	55.86317
587	(2.771654164338232+1.6798422697995075j)	0.10735893249511719	55.9585
588	(2.6910597192444414+1.7035960562580017j)	0.1602039337158203	56.05382
589	(2.609409807643956+1.7234342038805641j)	0.09500503540039062	56.14915
590	(2.5269102087637636+1.7393327629532915j)	0.12150812149047852	56.24448
591	(2.443736115009888+1.751231609761215j)	0.08067607879638672	56.33981
592	(2.360104531154982+1.7591138887759723j)	0.08202695846557617	56.43514
593	(2.2761934808777418+1.7629547311746663j)	0.08326601982116699	56.53046
594	(2.192201332843988+1.7627565889161896j)	0.09082984924316406	56.62579
595	(2.1083136595461607+1.758525958572609j)	0.08222699165344238	56.72112
596	(2.024745308659604+1.750256215729466j)	0.09538102149963379	56.81645
597	(1.9416828972340074+1.7379874189455768j)	0.08223509788513184	56.91178
598	(1.8593291682814481+1.721725220748679j)	0.08370304107666016	57.0071
599	(1.7778525219743706+1.7015349446914412j)	0.08362317085266113	57.10243
600	(1.6974464693219011+1.6774407150123165j)	0.08261799812316895	57.19776
601	(1.6183178077936216+1.6495223360412654j)	0.08259987831115723	57.29309
602	(1.540633539286424+1.6178413535390217j)	0.08370304107666016	57.38841
603	(1.4645831603701367+1.5824659090494415j)	0.08059906959533691	57.48374
604	(1.3903260554798924+1.5434791469424143j)	0.08302903175354004	57.57907
605	(1.3180497531976703+1.5009732724475262j)	0.0811469554901123	57.6744
606	(1.247911258770978+1.455060738469415j)	0.08025383949279785	57.76973
607	(1.1800829838568083+1.405841291989862j)	0.08339881896972656	57.86505
608	(1.1147038515497987+1.3534415260637063j)	0.08370590209960938	57.96038
609	(1.0519383305029084+1.2979630841304566j)	0.08093690872192383	58.05571
610	(0.991931663630947+1.239556498379879j)	0.08737707138061523	58.15104
611	(0.9348012093796058+1.1783456037291171j)	0.08322691917419434	58.24637
612	(0.8807041152201196+1.1144906439160758j)	0.08217501640319824	58.34169
613	(0.8297338426678966+1.0481229894848696j)	0.08128595352172852	58.43702
614	(0.7820328845511048+0.9794136442847559j)	0.08524608612060547	58.53235
615	(0.7376892363351945+0.9085182328468399j)	0.08144593238830566	58.62768
616	(0.6968214507946586+0.8355893177800077j)	0.08261299133300781	58.72301
617	(0.6595074737603911+0.7608232046763592j)	0.0817720890045166	58.81833
618	(0.6258306303841588+0.6843626343267091j)	0.08136415481567383	58.91366
619	(0.5958642740172073+0.606415548312565j)	0.08301711082458496	59.00899
620	(0.5696760665994952+0.5271412943175848j)	0.08336782455444336	59.10432
621	(0.5473363429333454+0.446738714088941j)	0.08417391777038574	59.19965
622	(0.5288768975962903+0.3653879044013125j)	0.08287620544433594	59.29497
623	(0.5143464680391612+0.28327018687650174j)	0.0816030502319336	59.3903
624	(0.5037545641477379+0.20058144306621947j)	0.09237003326416016	59.48563
625	(0.4971488168246748+0.11751005110048711j)	0.08110880851745605	59.58096
626	(0.49451811487812825+0.03426048700876026j)	0.0849769115447998	59.67629
627	(0.49588568743560557-0.0489863950319501j)	0.08218193054199219	59.77161
628	(0.5012268425870214-0.13204119281106805j)	0.08561825752258301	59.86694
629	(0.5105363560244488-0.21472605307989354j)	0.08058500289916992	59.96227
630	(0.5237830306961211-0.2968267890948331j)	0.08195090293884277	60.0576
631	(0.5409200058088836-0.3781642883260188j)	0.08066892623901367	60.15292
632	(0.561932303521643-0.45855375384292785j)	0.08440589904785156	60.24825
633	(0.5867450017686724-0.5378202138870142j)	0.08364200592041016	60.34358
634	(0.6153183100012175-0.6157775536882608j)	0.08456134796142578	60.43891
635	(0.6475552103989659-0.692246247613419j)	0.08298134803771973	60.53424
636	(0.6833982283370765-0.7670567011424123j)	0.08657503128051758	60.62956
637	(0.7227458693765486-0.8400357475409179j)	0.08206892013549805	60.72489
638	(0.7655252532230773-0.9110298373656287j)	0.08323025703430176	60.82022
639	(0.8116228437950835-0.9798571514669172j)	0.08109211921691895	60.91555
640	(0.8609267430081644-1.0463919297912907j)	0.08144879341125488	61.01088
641	(0.9133289871108636-1.1104577356799643j)	0.08266687393188477	61.1062
642	(0.9686978134441337-1.1719392902094594j)	0.0895071029663086	61.20153
643	(1.0269148083836048-1.2306751745243487j)	0.08284425735473633	61.29686
644	(1.0878285995589891-1.2865453206476012j)	0.08443975448608398	61.39219
645	(1.1513223104481254-1.3394268361413983j)	0.08192682266235352	61.48752
646	(1.2172198726665464-1.3891919897095504j)	0.08467888832092285	61.58284
647	(1.2854002177151975-1.4357549247756203j)	0.08085203170776367	61.67817
648	(1.3556782548379518-1.478991741779798j)	0.08384513854980469	61.7735
649	(1.427903168495707-1.5188244703591818j)	0.08224892616271973	61.86883
650	(1.5019159965374935-1.555144734192861j)	0.0845499038696289	61.96416
651	(1.5775287251981143-1.5878911264662143j)	0.08074593544006348	62.05948
652	(1.654594633826789-1.6169857314959295j)	0.08449506759643555	62.15481
653	(1.7329195095609107-1.6423826966598052j)	0.08293509483337402	62.25014
654	(1.8123367536910409-1.6640125948517739j)	0.08388090133666992	62.34547
655	(1.8926439860234172-1.6818319581572045j)	0.08308005332946777	62.4408
656	(1.9736758022134429-1.6958069312528552j)	0.08452200889587402	62.53612
657	(2.0552463926708073-1.7059061914841327j)	0.08257699012756348	62.63145
658	(2.137183612779106-1.7121236280651817j)	0.08835816383361816	62.72678
659	(2.2192864283828206-1.7144322669331935j)	0.08731913566589355	62.82211
660	(2.301358529981468-1.7128550361440662j)	0.08647298812866211	62.91743
661	(2.3832422027666094-1.707366855151704j)	0.08795404434204102	63.01276
662	(2.464738576842535-1.6980125588755848j)	0.08232808113098145	63.10809
663	(2.5456734743926726-1.6847912478416558j)	0.08131814002990723	63.20342
664	(2.625851204467604-1.667757866833493j)	0.08257579803466797	63.29875
665	(2.7051082736232-1.6469505998427176j)	0.0816488265991211	63.39407
666	(2.783251155173386-1.622414874626319j)	0.07960176467895508	63.4894
667	(2.8601256556772983-1.5942111607157818j)	0.08376193046569824	63.58473
668	(2.9355373726230924-1.5623963726051744j)	0.0845496654510498	63.68006
669	(3.009337902523396-1.5270611880110807j)	0.0818939208984375	63.77539
670	(3.0813534158082345-1.4882732430581074j)	0.0845479965209961	63.87071
671	(3.1514297965143614-1.4461405964351006j)	0.0816650390625	63.96604
672	(3.2194087017760644-1.4007367221545073j)	0.08188080787658691	64.06137
673	(3.2851325142803236-1.3521908572438903j)	0.08274412155151367	64.1567
674	(3.3484717721517603-1.3005925562945515j)	0.08401274681091309	64.25203
675	(3.4092637192017703-1.2460680222573115j)	0.08037090301513672	64.34735
676	(3.4674049087948164-1.1887423754523205j)	0.08009123802185059	64.44268
677	(3.5227428760677704-1.1287448809099894j)	0.08130979537963867	64.53801
678	(3.575170909399062-1.0662194186185352j)	0.08067512512207031	64.63334
679	(3.6245606578189484-1.0012846747706274j)	0.08307194709777832	64.72867
680	(3.670806447435258-0.9341209542010727j)	0.08356094360351562	64.82399
681	(3.713812062479835-0.8648384681378101j)	0.08099699020385742	64.91932
682	(3.7534864103766026-0.793625770476756j)	0.08478116989135742	65.01465
683	(3.789742468771599-0.7206227934519833j)	0.08073306083679199	65.10998
684	(3.822490919972597-0.6460129552336444j)	0.08307194709777832	65.20531
685	(3.85166969661661-0.5699566591736298j)	0.08219170570373535	65.30063
686	(3.8772029173168767-0.4926104254512349j)	0.08494901657104492	65.39596
687	(3.8990586330513213-0.4141559093179359j)	0.08190703392028809	65.49129
688	(3.9171678316805183-0.3347635926059833j)	0.08083629608154297	65.58662
689	(3.9315119428587133-0.25463386240342034j)	0.08345293998718262	65.68194
690	(3.9420383242194634-0.1739134961480131j)	0.08217310905456543	65.77727
691	(3.948734791921608-0.0928057890461016j)	0.0847320556640625	65.8726
692	(3.951591877386398-0.011468019474838886j)	0.08501195907592773	65.96793
693	(3.9505935543689055+0.0698965604576729j)	0.08027410507202148	66.06326
694	(3.9457643839119054+0.15111622880143583j)	0.08417201042175293	66.15858
695	(3.9370905901527213+0.23200689587877887j)	0.08151912689208984	66.25391
696	(3.92461096424348+0.3123972026609938j)	0.08446383476257324	66.34924
697	(3.9083354539908974+0.39209494302462433j)	0.08218169212341309	66.44457
698	(3.8883175180036487+0.47093017094053313j)	0.0844271183013916	66.5399
699	(3.864594857780748+0.5487347476479583j)	0.08081769943237305	66.63522
700	(3.837226684198701+0.6253219012590678j)	0.08429169654846191	66.73055
701	(3.8062640309121964+0.700538790728932j)	0.08119773864746094	66.82588
702	(3.771784573111551+0.7741932712406736j)	0.08310103416442871	66.92121
703	(3.7338629046744725+0.8461437862275766j)	0.08315706253051758	67.01654
704	(3.692577976000761+0.91621145093296j)	0.08387422561645508	67.11186
705	(3.648025599864681+0.9842692622767162j)	0.08146095275878906	67.20719
706	(3.600299930124691+1.0501403880432403j)	0.08379387855529785	67.30252
707	(3.549524897398448+1.1136829808243451j)	0.08183097839355469	67.39785
708	(3.495785759676894+1.1747635447410003j)	0.08178520202636719	67.49318
709	(3.439231952521014+1.233222148660278j)	0.08218693733215332	67.5885
710	(3.3799524846989115+1.2889613764313885j)	0.08531880378723145	67.68383
711	(3.3181054349295294+1.3418347243808433j)	0.08684015274047852	67.77916
712	(3.253821419037604+1.3917404240920608j)	0.08203411102294922	67.87449
713	(3.1872420610609797+1.4385451990947042j)	0.08042192459106445	67.96982
714	(3.118529756236618+1.4821554874106773j)	0.08224296569824219	68.06514
715	(3.0478020134671855+1.5224677594994604j)	0.08131098747253418	68.16047
716	(2.97524609429027+1.5594035332549416j)	0.08475995063781738	68.2558
717	(2.9009996462711616+1.5928699723926147j)	0.0812687873840332	68.35113
718	(2.8252629753076124+1.6227919531143227j)	0.08667993545532227	68.44645
719	(2.7481684164273235+1.6491028284610125j)	0.08082985877990723	68.54178
720	(2.669905026689399+1.6717310703266905j)	0.08182024955749512	68.63711
721	(2.5906385805337773+1.6906457083504458j)	0.08159494400024414	68.73244
722	(2.5105468785280864+1.7057794738227914j)	0.08501076698303223	68.82777
723	(2.429821726347418+1.7171214093669385j)	0.09157180786132812	68.92309
724	(2.348626016270473+1.7246246618825771j)	0.08197498321533203	69.01842
725	(2.267150857129945+1.7282803599488155j)	0.08053207397460938	69.11375
726	(2.185570991149461+1.728066055880124j)	0.08190107345581055	69.20908
727	(2.104079035318297+1.7239866265052832j)	0.08245611190795898	69.30441
728	(2.0228455066129576+1.71605725616852j)	0.0852196216583252	69.39973
729	(1.942062777927692+1.7042846984941746j)	0.08043408393859863	69.49506
730	(1.8618955802057242+1.6886979225675922j)	0.0815119743347168	69.59039
731	(1.7825473989941392+1.6693180275658355j)	0.08147692680358887	69.68572
732	(1.7041755943652395+1.6462076235167427j)	0.08568286895751953	69.78105
733	(1.6269850403863486+1.6193754717210123j)	0.08175301551818848	69.87637
734	(1.55111160862175+1.5889216956164365j)	0.08928489685058594	69.9717
735	(1.4767422304109332+1.554887165103235j)	0.0831751823425293	70.06703
736	(1.4040586104193928+1.5173622038789045j)	0.08398008346557617	70.16236
737	(1.3332048494447846+1.476414532640288j)	0.0798189640045166	70.25769
738	(1.2643741984518972+1.4321422590390338j)	0.08152198791503906	70.35301
739	(1.1976705304930217+1.3846285667831197j)	0.08125114440917969	70.44834
740	(1.1332954136950464+1.3339886838938781j)	0.08463215827941895	70.54367
741	(1.0713638765337792+1.280340983791627j)	0.08143210411071777	70.639
742	(1.0120321801920704+1.2237860614169018j)	0.08252096176147461	70.73433
743	(0.9554442357852838+1.1644763461208283j)	0.08070898056030273	70.82965
744	(0.9017090404925673+1.1025019771147822j)	0.08289909362792969	70.92498
745	(0.8509619026394655+1.0380356223028273j)	0.08336997032165527	71.02031
746	(0.8033120262358701+0.971193877939394j)	0.08445906639099121	71.11564
747	(0.7588867155851413+0.902157697895797j)	0.07989192008972168	71.21096
748	(0.7177670112081587+0.831055294978019j)	0.08495306968688965	71.30629
749	(0.680070877950721+0.7580484476082732j)	0.09519314765930176	71.40162
750	(0.645867711479063+0.6833074078655337j)	0.08535909652709961	71.49695
751	(0.6152550059805258+0.6069873908055777j)	0.08243298530578613	71.59228
752	(0.5882901240317543+0.5292878572589219j)	0.08414077758789062	71.6876
753	(0.5650483119036335+0.4503491288881039j)	0.0875391960144043	71.78293
754	(0.5455745133090085+0.37037587372092595j)	0.08186507225036621	71.87826
755	(0.5299279538177729+0.28952730348534556j)	0.08267068862915039	71.97359
756	(0.5181527569633038+0.20799935579310155j)	0.08731508255004883	72.06892
757	(0.5102565584081766+0.12597607313857717j)	0.08345699310302734	72.16424
758	(0.5062829837660441+0.043636610929806335j)	0.08076095581054688	72.25957
759	(0.506223350839923-0.03883234383270043j)	0.08133101463317871	72.3549
760	(0.5101063345899564-0.12123887402467845j)	0.08359098434448242	72.45023
761	(0.5179069669103304-0.2033916843239108j)	0.08243680000305176	72.54556
762	(0.529630812314058-0.28510859303878405j)	0.08674311637878418	72.64088
763	(0.5452337363935502-0.36620751641566274j)	0.08177733421325684	72.73621
764	(0.564692762507661-0.4465093857462483j)	0.08153796195983887	72.83154
765	(0.5879705124634521-0.5258070896844853j)	0.08246302604675293	72.92687
766	(0.6150073291509207-0.6039400756634905j)	0.0826270580291748	73.0222
767	(0.6457613209954408-0.6807027208369448j)	0.08062481880187988	73.11752
768	(0.6801508606947837-0.7559553580498796j)	0.08886575698852539	73.21285
769	(0.7181134496754462-0.829501663130383j)	0.0832970142364502	73.30818
770	(0.7595491417034607-0.9011839101271854j)	0.08172917366027832	73.40351
771	(0.8043813121580086-0.9708300073836739j)	0.08100128173828125	73.49884
772	(0.8524941597318434-1.0382570315823074j)	0.09351205825805664	73.59416
773	(0.9038034862466655-1.1033505238401697j)	0.10163307189941406	73.68949
774	(0.958178053888376-1.1659301185640478j)	0.10553979873657227	73.78482
775	(1.0155046508378924-1.2258711712159283j)	0.09400105476379395	73.88015
776	(1.0756410435569994-1.2830088478411392j)	0.10098004341125488	73.97547
777	(1.1384584117700995-1.3372339672395732j)	0.09909892082214355	74.0708
778	(1.203830119617852-1.388404069224258j)	0.09712600708007812	74.16613
779	(1.2715836394392428-1.436406587593739j)	0.09723615646362305	74.26146
780	(1.3415918688491486-1.4811281701322716j)	0.09483122825622559	74.35679
781	(1.413661248716345-1.5224574360692036j)	0.10367393493652344	74.45211
782	(1.4876646277898955-1.5603045713569432j)	0.0892190933227539	74.54744
783	(1.5634032695489948-1.5945814943469263j)	0.0903160572052002	74.64277
784	(1.6407207895897735-1.625200377125182j)	0.08682703971862793	74.7381
785	(1.719444773466273-1.6520838569096827j)	0.08723115921020508	74.83343
786	(1.7993759030038021-1.6751808539722095j)	0.09095597267150879	74.92875
787	(1.8803540247145811-1.6944242990527831j)	0.10146880149841309	75.02408
788	(1.9621753233850976-1.7097812578218534j)	0.08827805519104004	75.11941
789	(2.0446627398985275-1.7211993405171568j)	0.08979606628417969	75.21474
790	(2.1276146757563645-1.7286511561164557j)	0.09055781364440918	75.31007
791	(2.210851412535186-1.7321196028601804j)	0.09204411506652832	75.40539
792	(2.294177253551103-1.7315969036562169j)	0.0888979434967041	75.50072
793	(2.3774124597360244-1.727087324333082j)	0.08632397651672363	75.59605
794	(2.4603460451564354-1.7185824193347012j)	0.08678913116455078	75.69138
795	(2.5427947737408747-1.7061207046596634j)	0.08850908279418945	75.78671
796	(2.624553859130899-1.6897058959792393j)	0.08893322944641113	75.88203
797	(2.705458999178943-1.669390466762536j)	0.08858180046081543	75.97736
798	(2.785320026522425-1.6452103065349706j)	0.1044168472290039	76.07269
799	(2.86393382296328-1.6172300930576287j)	0.0928812026977539	76.16802
800	(2.941138185479438-1.585507487281415j)	0.0878450870513916	76.26335
801	(3.0167213190391937-1.5501097950989688j)	0.087799072265625	76.35867
802	(3.0905543731441383-1.5111196743625834j)	0.08252310752868652	76.454
803	(3.1624269760024086-1.4686237297392672j)	0.08330392837524414	76.54933
804	(3.232200305951379-1.4227255052710324j)	0.08417391777038574	76.64466
805	(3.299692294070389-1.3735282249898475j)	0.08042788505554199	76.73998
806	(3.3647554269420836-1.321146342449996j)	0.08038187026977539	76.83531
807	(3.4272387613275326-1.2656852318172884j)	0.08414673805236816	76.93064
808	(3.4869866998217574-1.2072894125484912j)	0.08211922645568848	77.02597
809	(3.543881690258533-1.146084336415581j)	0.08133196830749512	77.1213
810	(3.5977652044833954-1.082220185564975j)	0.08324694633483887	77.21662
811	(3.6485401224351914-1.0158332089219104j)	0.08150100708007812	77.31195
812	(3.6960613136963447-0.9470830150544411j)	0.08598089218139648	77.40728
813	(3.7402378299707806-0.8761309624482381j)	0.08251070976257324	77.50261
814	(3.7809531308500803-0.80312541906541j)	0.08286285400390625	77.59794
815	(3.818119541015043-0.7282604732778157j)	0.07940316200256348	77.69326
816	(3.851651500311851-0.6516800227836388j)	0.08214807510375977	77.78859
817	(3.881475844606486-0.5735864677904372j)	0.07964587211608887	77.88392
818	(3.907517680412906-0.49414205442707826j)	0.08404397964477539	77.97925
819	(3.929712246585285-0.4135455265826833j)	0.0848548412322998	78.07458
820	(3.9480059600428112-0.3319812000796516j)	0.08204221725463867	78.1699
821	(3.962363152766547-0.24962258025758j)	0.08062100410461426	78.26523
822	(3.9727620521104825-0.16667431371024977j)	0.082733154296875	78.36056
823	(3.979157408901432-0.08332127744944962j)	0.08127999305725098	78.45589
824	(3.9815543198585774+0.00023103936168133998j)	0.09052276611328125	78.55122
825	(3.9799289635787747+0.08379874318628278j)	0.08274984359741211	78.64654
826	(3.9742972224261437+0.16718849173780392j)	0.08231616020202637	78.74187
827	(3.9646690287718434+0.25021916701655766j)	0.0805518627166748	78.8372
828	(3.9510686406127604+0.3326798444000849j)	0.08464217185974121	78.93253
829	(3.9335355059211494+0.41438894431700146j)	0.08119416236877441	79.02786
830	(3.912097006036947+0.49513915853550383j)	0.09983205795288086	79.12318
831	(3.8868149157656138+0.574775852833997j)	0.10674500465393066	79.21851
832	(3.8577306090087853+0.6530985003602046j)	0.0853271484375	79.31384
833	(3.824937441191266+0.7299242773287862j)	0.08309197425842285	79.40917
834	(3.7884988433539695+0.8050823217021748j)	0.08286118507385254	79.50449
835	(3.7485059454093674+0.8783936270155777j)	0.0811319351196289	79.59982
836	(3.7050390630396794+0.9496990367275973j)	0.08531689643859863	79.69515
837	(3.6582138744442148+1.0188166930364109j)	0.08501505851745605	79.79048
838	(3.6081321465245306+1.0856101671223994j)	0.08199000358581543	79.88581
839	(3.554915819968335+1.1499048024576537j)	0.08150887489318848	79.98113
840	(3.4986870451154024+1.2115789302821394j)	0.08611273765563965	80.07646
841	(3.439573824668836+1.270468114492972j)	0.08417892456054688	80.17179
842	(3.377721560421594+1.3264404815316153j)	0.08433198928833008	80.26712
843	(3.313260380577601+1.3793851762804987j)	0.0897369384765625	80.36245
844	(3.24636232075667+1.4291575429906591j)	0.0817728042602539	80.45777
845	(3.177151509551229+1.4756706066376533j)	0.08143305778503418	80.5531
846	(3.1058162245817127+1.5187964390673345j)	0.08151984214782715	80.64843
847	(3.0325073068696407+1.5584568149634772j)	0.08383297920227051	80.74376
848	(2.9574037481482396+1.5945407815696868j)	0.08216500282287598	80.83909
849	(2.880682233391599+1.6269801930690182j)	0.08587908744812012	80.93441
850	(2.8024972291283774+1.6557009941576937j)	0.08134984970092773	81.02974
851	(2.723052092148041+1.6806480956291479j)	0.0818328857421875	81.12507
852	(2.6425154831654307+1.701756310329897j)	0.08401107788085938	81.2204
853	(2.5610918816840087+1.7189761022941032j)	0.08770918846130371	81.31573
854	(2.4789581493491983+1.7322759431383827j)	0.0899200439453125	81.41105
855	(2.3963002821068313+1.7416275505835779j)	0.08336687088012695	81.50638
856	(2.3133031034722555+1.7470129326038621j)	0.08266091346740723	81.60171
857	(2.230167712645173+1.7484162504135439j)	0.08307480812072754	81.69704
858	(2.147086506412321+1.7458544797162634j)	0.08292508125305176	81.79237
859	(2.064250425413144+1.7393149850709004j)	0.08226585388183594	81.88769
860	(1.9818374274647432+1.7288313371720638j)	0.0898139476776123	81.98302
861	(1.9000421344211986+1.714410633684393j)	0.0854189395904541	82.07835
862	(1.8190537343982625+1.6961053361751728j)	0.08086895942687988	82.17368
863	(1.7390567758859257+1.6739655496717154j)	0.0809929370880127	82.269
864	(1.66023432322329+1.6480343887636044j)	0.0834801197052002	82.36433
865	(1.5827573753046198+1.6183759086304201j)	0.08368206024169922	82.45966
866	(1.5068152351928383+1.5850518217269016j)	0.08715605735778809	82.55499
867	(1.4325654460330823+1.5481572730199271j)	0.08550691604614258	82.65032
868	(1.3601978631301872+1.507764293381317j)	0.0896151065826416	82.74564
869	(1.2898463739053838+1.463984564788817j)	0.08223485946655273	82.84097
870	(1.221687975500057+1.4169015561452432j)	0.08369803428649902	82.9363
871	(1.1558852398413255+1.3666445714060338j)	0.08163833618164062	83.03163
872	(1.0925635037320076+1.313315156638929j)	0.08380889892578125	83.12696
873	(1.0318936582007476+1.2570447625010708j)	0.08163881301879883	83.22228
874	(0.9739759847530105+1.1979604037405827j)	0.08338308334350586	83.31761
875	(0.9189658757827863+1.1362007885203373j)	0.07999682426452637	83.41294
876	(0.8669778655273537+1.0719157474415635j)	0.08226513862609863	83.50827
877	(0.8181332008974485+1.0052355972741411j)	0.08223485946655273	83.6036
878	(0.7725418387139115+0.9363418714722772j)	0.08304405212402344	83.69892
879	(0.7302901764697297+0.8653542538997866j)	0.08652591705322266	83.79425
880	(0.6914847526956251+0.7924719658248356j)	0.08424997329711914	83.88958
881	(0.656200379818304+0.7178342823025519j)	0.08787989616394043	83.98491
882	(0.6245273703114608+0.641635359895915j)	0.08306097984313965	84.08024
883	(0.5965279765767907+0.5640471871193566j)	0.0845339298248291	84.17556
884	(0.5722623166256985+0.4852271345994228j)	0.08167505264282227	84.27089
885	(0.5517801895810706+0.4053623887912837j)	0.08288693428039551	84.36622
886	(0.5351273467999688+0.32463376736615746j)	0.08532094955444336	84.46155
887	(0.5223397227458764+0.24324232367404894j)	0.08233523368835449	84.55688
888	(0.5134440929826121+0.1613597222617766j)	0.08288693428039551	84.6522
889	(0.508451980316061+0.07917369678068761j)	0.08617711067199707	84.74753
890	(0.5073770635433755-0.0031443902357383424j)	0.08658599853515625	84.84286
891	(0.5102232485059622-0.0853908471358294j)	0.08314394950866699	84.93819
892	(0.5169591108890287-0.16738034249900532j)	0.08540797233581543	85.03351
893	(0.527595308848432-0.24893479902960666j)	0.08206605911254883	85.12884
894	(0.5420820577032068-0.3298711044606232j)	0.08547091484069824	85.22417
895	(0.5604052308521783-0.4100011745655159j)	0.08364081382751465	85.3195
896	(0.5825016982255429-0.48914547167141675j)	0.0820608139038086	85.41483
897	(0.6083307367077808-0.5671328233571371j)	0.08805608749389648	85.51015
898	(0.6378207008985288-0.6437799033276261j)	0.08513998985290527	85.60548
899	(0.6709080115708288-0.7189298377287301j)	0.08061814308166504	85.70081
900	(0.707523461957267-0.7923922460848689j)	0.08258986473083496	85.79614
901	(0.7475701913657176-0.8640233564615476j)	0.08297014236450195	85.89147
902	(0.7909655808227738-0.933636868230985j)	0.08261489868164062	85.98679
903	(0.8376011720163052-1.0011150916978755j)	0.08130097389221191	86.08212
904	(0.8873809734314486-1.06627730025083j)	0.08403801918029785	86.17745
905	(0.9401736779104546-1.128998508629261j)	0.08192610740661621	86.27278
906	(0.9958807992071113-1.1891260522079727j)	0.08732390403747559	86.36811
907	(1.0543495908167158-1.2465117985891812j)	0.08381104469299316	86.46343
908	(1.1154734861967863-1.3010679946755361j)	0.08610796928405762	86.55876
909	(1.1790989749408025-1.35264224327628j)	0.08520913124084473	86.65409
910	(1.2450830656401708-1.4011427823707108j)	0.08394479751586914	86.74942
911	(1.3132844223713094-1.446439572336251j)	0.08206510543823242	86.84475
912	(1.383524718889687-1.488441286607579j)	0.0853738784790039	86.94007
913	(1.4556825145795516-1.52705766289675j)	0.0833590030670166	87.0354
914	(1.5295680561007814-1.562210115262835j)	0.08613014221191406	87.13073
915	(1.6050347641006586-1.5938133932814602j)	0.09047722816467285	87.22606
916	(1.6818898185239057-1.6217966584968093j)	0.08519625663757324	87.32139
917	(1.7599666319819067-1.6461062681784515j)	0.08498787879943848	87.41671
918	(1.839098675170106-1.6666773269855706j)	0.08331012725830078	87.51204
919	(1.9191087923804562-1.6834792420588949j)	0.08272624015808105	87.60737
920	(1.9998160991665859-1.6964617109738267j)	0.08067107200622559	87.7027
921	(2.0810278810804137-1.7056165067466642j)	0.08526110649108887	87.79802
922	(2.1625779451022438-1.7109022860082908j)	0.08521866798400879	87.89335
923	(2.244270127935544-1.712327609578649j)	0.0800628662109375	87.98868
924	(2.3259391093503456-1.7098748314104197j)	0.08368206024169922	88.08401
925	(2.4073813291657196-1.703558698650398j)	0.08198404312133789	88.17934
926	(2.488430352860074-1.6933888651819964j)	0.08148813247680664	88.27466
927	(2.568898567265463-1.6793979145282911j)	0.0851888656616211	88.36999
928	(2.6486112663933317-1.6616171423626853j)	0.08244872093200684	88.46532
929	(2.7273808878626333-1.6400744656018276j)	0.08180928230285645	88.56065
930	(2.8050339303925047-1.6148319682223262j)	0.08327388763427734	88.65598
931	(2.881397095475719-1.5859370178084276j)	0.08901000022888184	88.7513
932	(2.956313504679928-1.5534628335791263j)	0.0803072452545166	88.84663
933	(3.0296064390909554-1.5174731415850955j)	0.08610796928405762	88.94196
934	(3.1011030710955834-1.478064130723721j)	0.0813450813293457	89.03729
935	(3.1706569797606803-1.435311334844482j)	0.07963085174560547	89.13262
936	(3.238087800740419-1.3893132455938966j)	0.08283209800720215	89.22794
937	(3.303280009713837-1.3401713934871644j)	0.08102297782897949	89.32327
938	(3.366071690629816-1.287994197686606j)	0.08134293556213379	89.4186
939	(3.4263290356551845-1.2329069847744711j)	0.08463597297668457	89.51393
940	(3.483906400260626-1.1750243671962408j)	0.08105587959289551	89.60926
941	(3.538667935026328-1.1144889027127456j)	0.08212041854858398	89.70458
942	(3.5905082103514463-1.0514096378253706j)	0.08173704147338867	89.79991
943	(3.6393039043355078-0.9859487297058378j)	0.08285903930664062	89.89524
944	(3.6849551149673427-0.9182423192510389j)	0.08573698997497559	89.99057
945	(3.7273418795887254-0.8484513355383679j)	0.0932161808013916	90.0859
946	(3.7663847386045393-0.7767306892931481j)	0.08245420455932617	90.18122
947	(3.8019780345562997-0.7032325508244334j)	0.08081412315368652	90.27655
948	(3.8340600190090632-0.6281245225335752j)	0.08249092102050781	90.37188
949	(3.8625451992159046-0.5515666834334139j)	0.08093404769897461	90.46721
950	(3.887379019787482-0.4737488523374178j)	0.0811319351196289	90.56253
951	(3.9084998457212627-0.39482338034680664j)	0.08464789390563965	90.65786
952	(3.925855800192521-0.31498639380757476j)	0.08175778388977051	90.75319
953	(3.9394119429483223-0.23439656568596212j)	0.08239483833312988	90.84852
954	(3.94912653659676-0.15325227127264074j)	0.0817108154296875	90.94385
955	(3.9549936615423498-0.07172874531649964j)	0.08160066604614258	91.03917
956	(3.9569866321980918+0.00999831855850486j)	0.08172726631164551	91.1345
957	(3.955111831711974+0.09173568816285638j)	0.08383607864379883	91.22983
958	(3.9493502193471834+0.17331198016741745j)	0.08241605758666992	91.32516
959	(3.939735588212726+0.25452723749897155j)	0.08040499687194824	91.42049
960	(3.926268520796146+0.33521001296051756j)	0.08315229415893555	91.51581
961	(3.9089919296196274+0.41518154031459487j)	0.0822300910949707	91.61114
962	(3.887937526047605+0.49426083931327003j)	0.08107185363769531	91.70647
963	(3.8631543003305815+0.5722622677425149j)	0.08466911315917969	91.8018
964	(3.8346964952516123+0.6490144102402732j)	0.09308719635009766	91.89713
965	(3.802615395243414+0.7243374573951928j)	0.0809178352355957	91.99245
966	(3.7669919655776445+0.7980818954018785j)	0.08436107635498047	92.08778
967	(3.7278914369216105+0.8700650803778942j)	0.08076596260070801	92.18311
968	(3.6854219134224158+0.9401252487279856j)	0.07985401153564453	92.27844
969	(3.6396551422700907+1.0081084316751379j)	0.08435201644897461	92.37377
970	(3.59071974520756+1.0738464250077073j)	0.08278298377990723	92.46909
971	(3.5386886909603943+1.1372082505980776j)	0.08163094520568848	92.56442
972	(3.4836968331556286+1.1980373463709078j)	0.0824131965637207	92.65975
973	(3.425864827780205+1.2562121774931705j)	0.08176994323730469	92.75508
974	(3.3653167253187783+1.311580441030955j)	0.08194684982299805	92.85041
975	(3.302209078722902+1.3640217556639516j)	0.0832509994506836	92.94573
976	(3.2366461532166886+1.413415777501784j)	0.08310484886169434	93.04106
977	(3.168799714458457+1.459650483006559j)	0.0850210189819336	93.13639
978	(3.0988064148990238+1.5026264891591312j)	0.08376598358154297	93.23172
979	(3.0268458543414494+1.5422296795246768j)	0.08284425735473633	93.32704
980	(2.9530489223277216+1.57838555011315j)	0.08554911613464355	93.42237
981	(2.8776068336003657+1.6109917204516102j)	0.0854332447052002	93.5177
982	(2.8006702973829944+1.6399901323071462j)	0.0856471061706543	93.61303
983	(2.7224266524175516+1.6652914798563336j)	0.08182907104492188	93.70836
984	(2.643049500520608+1.6868559923004285j)	0.08626508712768555	93.80368
985	(2.562702170971474+1.7046246416662902j)	0.08138799667358398	93.89901
986	(2.4815857959246497+1.7185535879423757j)	0.09620285034179688	93.99434
987	(2.399871014453305+1.7286095712788756j)	0.08821702003479004	94.08967
988	(2.3177552042781597+1.7347606620803246j)	0.08696222305297852	94.185
989	(2.2354148855586002+1.7370016655465295j)	0.08433365821838379	94.28032
990	(2.1530369507850327+1.7353182192060632j)	0.08351802825927734	94.37565
991	(2.0707966459769893+1.7297153115549837j)	0.08269286155700684	94.47098
992	(1.988903958876452+1.7201922221620678j)	0.08115601539611816	94.56631
993	(1.90753549859439+1.706786651603617j)	0.08527398109436035	94.66164
994	(1.8268791745760657+1.6895028024630843j)	0.0814521312713623	94.75696
995	(1.747110837537571+1.6683972380882544j)	0.08066201210021973	94.85229
996	(1.6684092208928019+1.6434988208813903j)	0.08367800712585449	94.94762
997	(1.5909661468056382+1.614876151924846j)	0.08106088638305664	95.04295
998	(1.514949141373533+1.582586907289094j)	0.0830080509185791	95.13828
999	(1.4405538182808146+1.546702534527986j)	0.08518099784851074	95.2336
